NEH,px_t,RMSE,fNatIsotopes,fNatIsotopes[0],current_Exp_isotope_distribution_t0[1],current_Exp_isotope_distribution_t0[0],fLabIsotopes[1],fLabIsotopes[0],current_Exp_isotope_distribution[1],current_Exp_isotope_distribution[0],NumberOfHydrogens,PeptideSeq,SeqMass,Charge,Exp_time
30,0.03855948,0.115144307674233,0.35246,0.37309,0.351512783056697,0.378675617079978,0.2463159,0.114658,0.322147376635395,0.342064089816233,120,QGIVPAGLTENELWR,841.94666,2,1
27,0.03855948,0.126710298470464,0.34941,0.39094,0.378435630174833,0.397089137801307,0.2672654,0.1351892,0.353118666192038,0.383165277908646,98,YAYDSAFHPDTGEK,534.23535,3,1
30,0.04479649,0.119245528380591,0.35246,0.37309,0.351512783056697,0.378675617079978,0.2218436,0.09431833,0.31491389171431,0.322523191824329,120,QGIVPAGLTENELWR,841.94666,2,2
27,0.04479649,0.125750402442167,0.34941,0.39094,0.378435630174833,0.397089137801307,0.2449901,0.1134003,0.359681933573956,0.345727445433527,98,YAYDSAFHPDTGEK,534.23535,3,2
30,0.04580533,0.101263271354717,0.35246,0.37309,0.351512783056697,0.378675617079978,0.2179549,0.0913746,0.31010145444111,0.280113064599728,120,QGIVPAGLTENELWR,841.94666,2,3
27,0.04580533,0.108278094738741,0.34941,0.39094,0.378435630174833,0.397089137801307,0.2413923,0.1102099,0.344025754927361,0.309514027061871,98,YAYDSAFHPDTGEK,534.23535,3,3
30,0.04599918,0.0764922212748092,0.35246,0.37309,0.351512783056697,0.378675617079978,0.2172109,0.09081937,0.287099963446246,0.234999537531003,120,QGIVPAGLTENELWR,841.94666,2,6
27,0.04599918,0.0737745399443203,0.34941,0.39094,0.378435630174833,0.397089137801307,0.2407022,0.1096071,0.31676645397552,0.238971390837151,98,YAYDSAFHPDTGEK,534.23535,3,6
30,0.04599987,0.063625238848092,0.35246,0.37309,0.351512783056697,0.378675617079978,0.2172081,0.09081733,0.275968983188072,0.211647093268222,120,QGIVPAGLTENELWR,841.94666,2,7
27,0.04599987,0.0766236432866143,0.34941,0.39094,0.378435630174833,0.397089137801307,0.2406996,0.1096048,0.324079161339402,0.241801239960366,98,YAYDSAFHPDTGEK,534.23535,3,7
30,0.046,0.0507957648359632,0.35246,0.37309,0.351512783056697,0.378675617079978,0.2172077,0.09081699,0.258992887013929,0.18645478102986,120,QGIVPAGLTENELWR,841.94666,2,9
27,0.046,0.0590144798657272,0.34941,0.39094,0.378435630174833,0.397089137801307,0.2406992,0.1096045,0.272471487815833,0.234397772015798,98,YAYDSAFHPDTGEK,534.23535,3,9
30,0.046,0.033628669704533,0.35246,0.37309,0.351512783056697,0.378675617079978,0.2172077,0.09081699,0.244672243827304,0.159856506078105,120,QGIVPAGLTENELWR,841.94666,2,13
27,0.046,0.031802331696567,0.34941,0.39094,0.378435630174833,0.397089137801307,0.2406992,0.1096045,0.277673026278944,0.167726627178569,98,YAYDSAFHPDTGEK,534.23535,3,13
30,0.046,0.0242140911632603,0.35246,0.37309,0.351512783056697,0.378675617079978,0.2172077,0.09081699,0.23446472827715,0.14307047255082,120,QGIVPAGLTENELWR,841.94666,2,16
27,0.046,0.0153568369731912,0.34941,0.39094,0.378435630174833,0.397089137801307,0.2406992,0.1096045,0.264972362446533,0.132484433748004,98,YAYDSAFHPDTGEK,534.23535,3,16
30,0.046,0.0194480752360145,0.35246,0.37309,0.351512783056697,0.378675617079978,0.2172077,0.09081699,0.247537569827044,0.123766572167667,120,QGIVPAGLTENELWR,841.94666,2,21
27,0.046,0.0179126316512526,0.34941,0.39094,0.378435630174833,0.397089137801307,0.2406992,0.1096045,0.258799461493186,0.144861400641373,98,YAYDSAFHPDTGEK,534.23535,3,21
30,0.046,0.0106914128393256,0.35246,0.37309,0.351512783056697,0.378675617079978,0.2172077,0.09081699,0.226253165639994,0.112733570745483,120,QGIVPAGLTENELWR,841.94666,2,24
27,0.046,0.0137872884198473,0.34941,0.39094,0.378435630174833,0.397089137801307,0.2406992,0.1096045,0.254685162828727,0.13159492493234,98,YAYDSAFHPDTGEK,534.23535,3,24
30,0.046,0.00979606723063581,0.35246,0.37309,0.351512783056697,0.378675617079978,0.2172077,0.09081699,0.237606508347189,0.10029044134904,120,QGIVPAGLTENELWR,841.94666,2,31
27,0.046,0.00942451212992994,0.34941,0.39094,0.378435630174833,0.397089137801307,0.2406992,0.1096045,0.243362944814893,0.115179182030853,98,YAYDSAFHPDTGEK,534.23535,3,31
