NEH,px_t,fNatIsotopes0,fNatIsotopes1,fNatIsotopes2,fNatIsotopes3,fNatIsotopes4,fNatIsotopes5,current_Exp_isotope_distribution_t0[0],current_Exp_isotope_distribution_t0[1],current_Exp_isotope_distribution_t0[2],current_Exp_isotope_distribution_t0[3],current_Exp_isotope_distribution_t0[4],current_Exp_isotope_distribution_t0[5],current_Exp_isotope_distribution[0],current_Exp_isotope_distribution[1],current_Exp_isotope_distribution[2],current_Exp_isotope_distribution[3],current_Exp_isotope_distribution[4],current_Exp_isotope_distribution[5],NumberOfHydrogens,PeptideSeq,SeqMass,Charge,Exp_time
32,0.03855948,0.38047,0.35119,0.17858,0.06511,0.01888,0.0046,0.398195610687515,0.364441286491298,0.169035158050666,0.0570071232595324,0.010359866090548,0.000960955420440652,0.320097404913413,0.330273328789031,0.204630461798252,0.0931456912335463,0.0375675453304243,0.0142855679353337,121,VINEPTAAALAYGLDK,823.44342,2,1
34,0.03855948,0.31108,0.34446,0.20956,0.09126,0.03159,0.00919,0.315175119310296,0.365980067553476,0.193978413538153,0.0844758334664613,0.0292418405967592,0.0111487255348553,0.222549757324671,0.319566942495704,0.197825266579038,0.141529786182321,0.0902889822864845,0.0282392651317815,135,STNGDTFLGGEDFDQALLR,685.99213,3,1
30,0.03855948,0.46678,0.33866,0.13985,0.04205,0.01016,0.00208,0.478142238868443,0.33644698294589,0.138281938598772,0.0393198762278762,0.00780896335901892,0,0.373223056770831,0.330949809541553,0.184443023115015,0.0790139155385877,0.0249824635489338,0.00738773148507938,85,ASNGDAWVEAHGK,447.87759,3,1
32,0.03855948,0.26063,0.33547,0.23098,0.11202,0.04269,0.01356,0.282712833643972,0.339080333795541,0.220476464650166,0.097779212310837,0.0379804172851417,0.0219707383143422,0.23728566537702,0.303587972215413,0.249941400439571,0.119276553603129,0.0580538473605486,0.0318545610043193,168,VIAVYDLGGGTFDISILEIQK,751.07886,3,1
32,0.03855948,0.26063,0.33547,0.23098,0.11202,0.04269,0.01356,0.284172684075979,0.362313883469696,0.232891069861539,0.0925431459317573,0.0255322398596149,0.00254697680141459,0.2343255490439,0.325931321268887,0.240246178377454,0.137193918310514,0.0518069995386518,0.0104960334605923,168,VIAVYDLGGGTFDISILEIQK,1126.11462,2,1
33,0.03855948,0.50345,0.32801,0.12437,0.03462,0.00779,0.00149,0.517026864867877,0.327906962314784,0.116773802269865,0.0329483201158571,0.00534405043161801,0,0.424198652357346,0.31831395815596,0.160269164791269,0.0656877818078852,0.0242797673218216,0.00725067556571819,91,QAASSLQQASLK,616.33569,2,1
31,0.03855948,0.43672,0.34344,0.15343,0.04987,0.01302,0.00288,0.45482488277413,0.345249770931761,0.15039536571439,0.0436636511986862,0.00586632938103344,0,0.375441870220582,0.328457360311831,0.188027972206285,0.0735993246171215,0.0266209962311706,0.00785247641300999,109,EQQIVIQSSGGLSK,737.39899,2,1
22,0.03855948,0.40268,0.34953,0.16848,0.05846,0.01618,0.00377,0.408948481633904,0.355059283553369,0.164774839627871,0.0518391983864348,0.01519593226069,0.00418226453773177,0.3546395835724,0.34915291633997,0.189827908770101,0.07357648274665,0.0225133057369005,0.0102898028339788,106,QAVTNPNNTFYATK,784.88879,2,1
29,0.03855948,0.37243,0.35175,0.18224,0.06753,0.01988,0.00491,0.392436542682408,0.344963069525064,0.181881671350793,0.0582517022448578,0.0171448983136111,0.00532211588326595,0.306571253152564,0.323609041801066,0.184811121556016,0.0927741313179141,0.0571900385690079,0.0350444136034321,116,NAVITVPAYFNDSQR,847.92847,2,1
26,0.03855948,0.43894,0.34296,0.15247,0.04934,0.01283,0.00282,0.443801407386162,0.322877784194159,0.165735605308988,0.0536371626101342,0.0139480405005567,0,0.343616996322485,0.293168917989824,0.163089400234554,0.127173827867446,0.059318109466806,0.0136327481188847,100,TTPSVVAFTADGER,725.86224,2,1
27,0.03855948,0.37576,0.35608,0.18045,0.06441,0.01807,0.00422,0.392760570413693,0.360252543469423,0.1751019389899,0.0588029927041344,0.00953256348200371,0.00354939094084628,0.330803703056826,0.352180074804791,0.207474440062484,0.0821541862505301,0.0216801379863528,0.00570745783901629,126,LLGQFTLIGIPPAPR,796.9798,2,1
34,0.03855948,0.29667,0.31881,0.21378,0.10681,0.04333,0.01492,0.304137844606872,0.309197610095182,0.222740514682106,0.108363306706717,0.0439614422212705,0.0115992816878529,0.241729943471599,0.273942742179295,0.222567442811762,0.136091681880845,0.0892405079000926,0.0364276817564065,144,GAVVGIDLGTTNScVAVMEGK,1039.51648,2,1
36,0.03855948,0.35937,0.3487,0.18829,0.07327,0.02276,0.00596,0.3914718764809,0.359421351227945,0.18502336340641,0.055341257519115,0.00756536747556445,0.00117678389006537,0.307613261230757,0.333840739771946,0.210089652904932,0.105857874292645,0.036578175474898,0.00602029632482193,126,SQVFSTAADGQTQVEIK,904.9549,2,1
20,0.03855948,0.45299,0.34325,0.14553,0.04458,0.01092,0.00225,0.476761572824232,0.332617067862417,0.141263786603778,0.0373118284977339,0.00954953945754042,0.00249620475429735,0.400032356574434,0.334060035850785,0.177326816627866,0.0654600139078882,0.0175931212037649,0.00552765583526156,101,AQFEGIVTDLIK,667.3717,2,1
24,0.03855948,0.46881,0.33716,0.13925,0.04202,0.01021,0.0021,0.491294746627538,0.340813396640603,0.133455273196185,0.03319422411621,0.00124235941946394,0,0.406063424299252,0.34869080662202,0.169572742386621,0.0541905891282139,0.021482437563894,0,89,ETAENYLGHTAK,667.32275,2,1
24,0.03855948,0.49715,0.33119,0.12658,0.03534,0.00794,0.00151,0.533471364997114,0.338953419898512,0.110846317696332,0.0154822318194226,0.00124666558861971,0,0.496834264422726,0.343711382500238,0.127441733685614,0.0279101645591547,0.00369446577803598,0.00040798905423244,92,DAGQISGLNVLR,621.84369,2,1
32,0.04479649,0.38047,0.35119,0.17858,0.06511,0.01888,0.0046,0.398195610687515,0.364441286491298,0.169035158050666,0.0570071232595324,0.010359866090548,0.000960955420440652,0.271509308727403,0.316579571103909,0.222430177987431,0.116692398889474,0.0531072535355476,0.0196812897562352,121,VINEPTAAALAYGLDK,823.44342,2,2
34,0.04479649,0.31108,0.34446,0.20956,0.09126,0.03159,0.00919,0.315175119310296,0.365980067553476,0.193978413538153,0.0844758334664613,0.0292418405967592,0.0111487255348553,0.186611883379758,0.268862979905462,0.217267138559394,0.14481672307994,0.123190734330519,0.0592505407449264,135,STNGDTFLGGEDFDQALLR,685.99213,3,2
30,0.04479649,0.46678,0.33866,0.13985,0.04205,0.01016,0.00208,0.478142238868443,0.33644698294589,0.138281938598772,0.0393198762278762,0.00780896335901892,0,0.323875918095113,0.327828031474728,0.202013388660741,0.0903887187627523,0.0423356461806469,0.0135582968260185,85,ASNGDAWVEAHGK,447.87759,3,2
32,0.04479649,0.26063,0.33547,0.23098,0.11202,0.04269,0.01356,0.282712833643972,0.339080333795541,0.220476464650166,0.097779212310837,0.0379804172851417,0.0219707383143422,0.217506940607123,0.289900974676741,0.24701975537006,0.130716108106094,0.0770822410946117,0.0377739801453705,168,VIAVYDLGGGTFDISILEIQK,751.07886,3,2
32,0.04479649,0.26063,0.33547,0.23098,0.11202,0.04269,0.01356,0.284172684075979,0.362313883469696,0.232891069861539,0.0925431459317573,0.0255322398596149,0.00254697680141459,0.209285283862909,0.307149519192238,0.248103841753904,0.153655408324051,0.0652446202066193,0.0165613266602785,168,VIAVYDLGGGTFDISILEIQK,1126.11462,2,2
33,0.04479649,0.50345,0.32801,0.12437,0.03462,0.00779,0.00149,0.517026864867877,0.327906962314784,0.116773802269865,0.0329483201158571,0.00534405043161801,0,0.346097500763088,0.308278214123775,0.194333507491364,0.0969408384237209,0.0408444338298741,0.0135055053681781,91,QAASSLQQASLK,616.33569,2,2
31,0.04479649,0.43672,0.34344,0.15343,0.04987,0.01302,0.00288,0.45482488277413,0.345249770931761,0.15039536571439,0.0436636511986862,0.00586632938103344,0,0.302764709117106,0.328793749229044,0.209519521748798,0.104637042618445,0.0442147363578134,0.0100702409287933,109,EQQIVIQSSGGLSK,737.39899,2,2
22,0.04479649,0.40268,0.34953,0.16848,0.05846,0.01618,0.00377,0.408948481633904,0.355059283553369,0.164774839627871,0.0518391983864348,0.01519593226069,0.00418226453773177,0.305727182833019,0.339190676488245,0.216272520593145,0.0915854923965987,0.0308911699327103,0.0163329577562818,106,QAVTNPNNTFYATK,784.88879,2,2
29,0.04479649,0.37243,0.35175,0.18224,0.06753,0.01988,0.00491,0.392436542682408,0.344963069525064,0.181881671350793,0.0582517022448578,0.0171448983136111,0.00532211588326595,0.266744734613984,0.316236932919771,0.202098233600181,0.108540789452366,0.0654378615743083,0.04094144783939,116,NAVITVPAYFNDSQR,847.92847,2,2
26,0.04479649,0.43894,0.34296,0.15247,0.04934,0.01283,0.00282,0.443801407386162,0.322877784194159,0.165735605308988,0.0536371626101342,0.0139480405005567,0,0.303439336689309,0.29622965851853,0.189203892802907,0.118347209406859,0.0654812035945585,0.0272986989878354,100,TTPSVVAFTADGER,725.86224,2,2
27,0.04479649,0.37576,0.35608,0.18045,0.06441,0.01807,0.00422,0.392760570413693,0.360252543469423,0.1751019389899,0.0588029927041344,0.00953256348200371,0.00354939094084628,0.292534750906312,0.345786943375319,0.222142272950354,0.101061235832295,0.033708390355043,0.00476640658067652,126,LLGQFTLIGIPPAPR,796.9798,2,2
34,0.04479649,0.29667,0.31881,0.21378,0.10681,0.04333,0.01492,0.304137844606872,0.309197610095182,0.222740514682106,0.108363306706717,0.0439614422212705,0.0115992816878529,0.213698420382773,0.26887224710822,0.228352916786223,0.147745087830971,0.104143371454021,0.0371879564377935,144,GAVVGIDLGTTNScVAVMEGK,1039.51648,2,2
36,0.04479649,0.35937,0.3487,0.18829,0.07327,0.02276,0.00596,0.3914718764809,0.359421351227945,0.18502336340641,0.055341257519115,0.00756536747556445,0.00117678389006537,0.287946811475076,0.309559983075392,0.21505048539849,0.12002764239468,0.0548449128000206,0.0125701648563411,126,SQVFSTAADGQTQVEIK,904.9549,2,2
20,0.04479649,0.45299,0.34325,0.14553,0.04458,0.01092,0.00225,0.476761572824232,0.332617067862417,0.141263786603778,0.0373118284977339,0.00954953945754042,0.00249620475429735,0.3503382184361,0.339811090446893,0.188423368265383,0.0859226023782855,0.0271917615546499,0.00831295891868879,101,AQFEGIVTDLIK,667.3717,2,2
24,0.04479649,0.46881,0.33716,0.13925,0.04202,0.01021,0.0021,0.491294746627538,0.340813396640603,0.133455273196185,0.03319422411621,0.00124235941946394,0,0.371912887614236,0.327549690772615,0.183726064788219,0.0815265728338935,0.0283410569263995,0.00694372706463692,89,ETAENYLGHTAK,667.32275,2,2
24,0.04479649,0.49715,0.33119,0.12658,0.03534,0.00794,0.00151,0.533471364997114,0.338953419898512,0.110846317696332,0.0154822318194226,0.00124666558861971,0,0.467471560922801,0.352153026966225,0.134215665916668,0.0376120861414202,0.00834726186687711,0.000200398186008603,92,DAGQISGLNVLR,621.84369,2,2
32,0.04580533,0.38047,0.35119,0.17858,0.06511,0.01888,0.0046,0.398195610687515,0.364441286491298,0.169035158050666,0.0570071232595324,0.010359866090548,0.000960955420440652,0.227265641203606,0.28260700738222,0.235864685757917,0.145232303129554,0.0764161693991987,0.0326141931275046,121,VINEPTAAALAYGLDK,823.44342,2,3
34,0.04580533,0.31108,0.34446,0.20956,0.09126,0.03159,0.00919,0.315175119310296,0.365980067553476,0.193978413538153,0.0844758334664613,0.0292418405967592,0.0111487255348553,0.132529419803632,0.278989107870148,0.193785071000167,0.172036338901994,0.154859770486112,0.0678002919379469,135,STNGDTFLGGEDFDQALLR,685.99213,3,3
30,0.04580533,0.46678,0.33866,0.13985,0.04205,0.01016,0.00208,0.478142238868443,0.33644698294589,0.138281938598772,0.0393198762278762,0.00780896335901892,0,0.270445897194159,0.315120232801824,0.216108117098521,0.125879834979461,0.0546573965216328,0.0177885214044022,85,ASNGDAWVEAHGK,447.87759,3,3
32,0.04580533,0.26063,0.33547,0.23098,0.11202,0.04269,0.01356,0.282712833643972,0.339080333795541,0.220476464650166,0.097779212310837,0.0379804172851417,0.0219707383143422,0.172094581839757,0.252228406640265,0.253624173793762,0.160836844588851,0.108827248683769,0.052388744453595,168,VIAVYDLGGGTFDISILEIQK,751.07886,3,3
32,0.04580533,0.26063,0.33547,0.23098,0.11202,0.04269,0.01356,0.284172684075979,0.362313883469696,0.232891069861539,0.0925431459317573,0.0255322398596149,0.00254697680141459,0.157594538859082,0.276564233491831,0.259054197689348,0.177722767233814,0.0928642330995336,0.0362000296263909,168,VIAVYDLGGGTFDISILEIQK,1126.11462,2,3
33,0.04580533,0.50345,0.32801,0.12437,0.03462,0.00779,0.00149,0.517026864867877,0.327906962314784,0.116773802269865,0.0329483201158571,0.00534405043161801,0,0.29482860187457,0.297862122367039,0.21013786552024,0.119282203317518,0.0560828685364957,0.0218063383841377,91,QAASSLQQASLK,616.33569,2,3
31,0.04580533,0.43672,0.34344,0.15343,0.04987,0.01302,0.00288,0.45482488277413,0.345249770931761,0.15039536571439,0.0436636511986862,0.00586632938103344,0,0.264891103696219,0.318800509298061,0.226530853139325,0.120287770152554,0.0523208227880746,0.0171689409257667,109,EQQIVIQSSGGLSK,737.39899,2,3
22,0.04580533,0.40268,0.34953,0.16848,0.05846,0.01618,0.00377,0.408948481633904,0.355059283553369,0.164774839627871,0.0518391983864348,0.01519593226069,0.00418226453773177,0.282113828618487,0.325921227350014,0.22154060177878,0.111298720924181,0.0413806501631219,0.017744971165417,106,QAVTNPNNTFYATK,784.88879,2,3
29,0.04580533,0.37243,0.35175,0.18224,0.06753,0.01988,0.00491,0.392436542682408,0.344963069525064,0.181881671350793,0.0582517022448578,0.0171448983136111,0.00532211588326595,0.21854844950182,0.29945485712244,0.224456053535388,0.133655549984504,0.0788826534652656,0.0450024363905823,116,NAVITVPAYFNDSQR,847.92847,2,3
26,0.04580533,0.43894,0.34296,0.15247,0.04934,0.01283,0.00282,0.443801407386162,0.322877784194159,0.165735605308988,0.0536371626101342,0.0139480405005567,0,0.277644125445375,0.295454205291266,0.201167651530165,0.131250406396316,0.0663630419106623,0.0281205694262159,100,TTPSVVAFTADGER,725.86224,2,3
27,0.04580533,0.37576,0.35608,0.18045,0.06441,0.01807,0.00422,0.392760570413693,0.360252543469423,0.1751019389899,0.0588029927041344,0.00953256348200371,0.00354939094084628,0.254743158169142,0.314791516720033,0.239458920519503,0.126287183014702,0.0484189356732609,0.0163002859033596,126,LLGQFTLIGIPPAPR,796.9798,2,3
34,0.04580533,0.29667,0.31881,0.21378,0.10681,0.04333,0.01492,0.304137844606872,0.309197610095182,0.222740514682106,0.108363306706717,0.0439614422212705,0.0115992816878529,0.17473802993026,0.257531492294746,0.228750008029652,0.160388806451129,0.128925568338761,0.0496660949554515,144,GAVVGIDLGTTNScVAVMEGK,1039.51648,2,3
36,0.04580533,0.35937,0.3487,0.18829,0.07327,0.02276,0.00596,0.3914718764809,0.359421351227945,0.18502336340641,0.055341257519115,0.00756536747556445,0.00117678389006537,0.209140871956977,0.287775673532532,0.230836651750893,0.157421335678372,0.0763714805507961,0.0384539865304297,126,SQVFSTAADGQTQVEIK,904.9549,2,3
20,0.04580533,0.45299,0.34325,0.14553,0.04458,0.01092,0.00225,0.476761572824232,0.332617067862417,0.141263786603778,0.0373118284977339,0.00954953945754042,0.00249620475429735,0.299527963684819,0.334935394417837,0.211767473298651,0.106110476502016,0.0353575399722466,0.0123011521244299,101,AQFEGIVTDLIK,667.3717,2,3
24,0.04580533,0.46881,0.33716,0.13925,0.04202,0.01021,0.0021,0.491294746627538,0.340813396640603,0.133455273196185,0.03319422411621,0.00124235941946394,0,0.302105941471074,0.319603632260624,0.215934423092081,0.115371216246421,0.037926689968738,0.00905809696106218,89,ETAENYLGHTAK,667.32275,2,3
24,0.04580533,0.49715,0.33119,0.12658,0.03534,0.00794,0.00151,0.533471364997114,0.338953419898512,0.110846317696332,0.0154822318194226,0.00124666558861971,0,0.429097192362874,0.35803806647044,0.147849277886179,0.0510059080173002,0.0131748838221268,0.000834671441080101,92,DAGQISGLNVLR,621.84369,2,3
32,0.04599918,0.38047,0.35119,0.17858,0.06511,0.01888,0.0046,0.398195610687515,0.364441286491298,0.169035158050666,0.0570071232595324,0.010359866090548,0.000960955420440652,0.143062379412121,0.258578139277494,0.250054035681557,0.190893522063846,0.107124911683231,0.0502870118817517,121,VINEPTAAALAYGLDK,823.44342,2,6
34,0.04599918,0.31108,0.34446,0.20956,0.09126,0.03159,0.00919,0.315175119310296,0.365980067553476,0.193978413538153,0.0844758334664613,0.0292418405967592,0.0111487255348553,0.0719777341868588,0.218184865726207,0.224114596550568,0.206959026131693,0.197368740658889,0.0813950367457848,135,STNGDTFLGGEDFDQALLR,685.99213,3,6
30,0.04599918,0.46678,0.33866,0.13985,0.04205,0.01016,0.00208,0.478142238868443,0.33644698294589,0.138281938598772,0.0393198762278762,0.00780896335901892,0,0.184353191307409,0.289732053099408,0.251226911061571,0.161268899161109,0.0837202571298346,0.0296986882406678,85,ASNGDAWVEAHGK,447.87759,3,6
32,0.04599918,0.26063,0.33547,0.23098,0.11202,0.04269,0.01356,0.282712833643972,0.339080333795541,0.220476464650166,0.097779212310837,0.0379804172851417,0.0219707383143422,0.102379031930525,0.208627342846285,0.277132153950959,0.199611282852208,0.145297468728204,0.0669527196918188,168,VIAVYDLGGGTFDISILEIQK,751.07886,3,6
32,0.04599918,0.26063,0.33547,0.23098,0.11202,0.04269,0.01356,0.284172684075979,0.362313883469696,0.232891069861539,0.0925431459317573,0.0255322398596149,0.00254697680141459,0.10310889975881,0.212761592073524,0.239067268991219,0.222728164669675,0.1461086525304,0.0762254219763727,168,VIAVYDLGGGTFDISILEIQK,1126.11462,2,6
33,0.04599918,0.50345,0.32801,0.12437,0.03462,0.00779,0.00149,0.517026864867877,0.327906962314784,0.116773802269865,0.0329483201158571,0.00534405043161801,0,0.190634570100934,0.273101453670873,0.244178260304554,0.168775505364346,0.087374280440616,0.0359359301186773,91,QAASSLQQASLK,616.33569,2,6
31,0.04599918,0.43672,0.34344,0.15343,0.04987,0.01302,0.00288,0.45482488277413,0.345249770931761,0.15039536571439,0.0436636511986862,0.00586632938103344,0,0.172091428106783,0.269203463144796,0.264750923350085,0.176701675680674,0.0848950592983436,0.0323574504193191,109,EQQIVIQSSGGLSK,737.39899,2,6
22,0.04599918,0.40268,0.34953,0.16848,0.05846,0.01618,0.00377,0.408948481633904,0.355059283553369,0.164774839627871,0.0518391983864348,0.01519593226069,0.00418226453773177,0.213189665524093,0.312242876651022,0.244109397870645,0.145522586493093,0.0629934466934148,0.0219420267677325,106,QAVTNPNNTFYATK,784.88879,2,6
29,0.04599918,0.37243,0.35175,0.18224,0.06753,0.01988,0.00491,0.392436542682408,0.344963069525064,0.181881671350793,0.0582517022448578,0.0171448983136111,0.00532211588326595,0.153915874228077,0.272911874789398,0.253727590653204,0.175323763927557,0.0933803265500956,0.0507405698516688,116,NAVITVPAYFNDSQR,847.92847,2,6
26,0.04599918,0.43894,0.34296,0.15247,0.04934,0.01283,0.00282,0.443801407386162,0.322877784194159,0.165735605308988,0.0536371626101342,0.0139480405005567,0,0.185263060256637,0.266199556587212,0.237609038459615,0.164673824408022,0.105937719706074,0.040316800582441,100,TTPSVVAFTADGER,725.86224,2,6
27,0.04599918,0.37576,0.35608,0.18045,0.06441,0.01807,0.00422,0.392760570413693,0.360252543469423,0.1751019389899,0.0588029927041344,0.00953256348200371,0.00354939094084628,0.179320917469293,0.293320240785033,0.260155081490931,0.164094287087783,0.0761680125398574,0.0269414606271027,126,LLGQFTLIGIPPAPR,796.9798,2,6
34,0.04599918,0.29667,0.31881,0.21378,0.10681,0.04333,0.01492,0.304137844606872,0.309197610095182,0.222740514682106,0.108363306706717,0.0439614422212705,0.0115992816878529,0.130644671297216,0.206335520181216,0.230836909931996,0.203157592600912,0.152780588973951,0.0762447170147092,144,GAVVGIDLGTTNScVAVMEGK,1039.51648,2,6
36,0.04599918,0.35937,0.3487,0.18829,0.07327,0.02276,0.00596,0.3914718764809,0.359421351227945,0.18502336340641,0.055341257519115,0.00756536747556445,0.00117678389006537,0.143369053838839,0.235873698975429,0.258311532007134,0.200805551256294,0.116714513189221,0.0449256507330823,126,SQVFSTAADGQTQVEIK,904.9549,2,6
20,0.04599918,0.45299,0.34325,0.14553,0.04458,0.01092,0.00225,0.476761572824232,0.332617067862417,0.141263786603778,0.0373118284977339,0.00954953945754042,0.00249620475429735,0.223784389915589,0.315473910692875,0.245568292755,0.142419674736715,0.0536476318474753,0.0191061000523459,101,AQFEGIVTDLIK,667.3717,2,6
24,0.04599918,0.46881,0.33716,0.13925,0.04202,0.01021,0.0021,0.491294746627538,0.340813396640603,0.133455273196185,0.03319422411621,0.00124235941946394,0,0.227342916584916,0.317155682791826,0.240699215932023,0.13952968863036,0.0586150535623889,0.0166574424984865,89,ETAENYLGHTAK,667.32275,2,6
24,0.04599918,0.49715,0.33119,0.12658,0.03534,0.00794,0.00151,0.533471364997114,0.338953419898512,0.110846317696332,0.0154822318194226,0.00124666558861971,0,0.367833709854592,0.349196181417593,0.183555339708788,0.0709449617727285,0.0232729119511336,0.00519689529516579,92,DAGQISGLNVLR,621.84369,2,6
32,0.04599987,0.38047,0.35119,0.17858,0.06511,0.01888,0.0046,0.398195610687515,0.364441286491298,0.169035158050666,0.0570071232595324,0.010359866090548,0.000960955420440652,0.143272699761625,0.252617825733152,0.264039261380859,0.189717071045427,0.10563714489358,0.0447159971853562,121,VINEPTAAALAYGLDK,823.44342,2,7
34,0.04599987,0.31108,0.34446,0.20956,0.09126,0.03159,0.00919,0.315175119310296,0.365980067553476,0.193978413538153,0.0844758334664613,0.0292418405967592,0.0111487255348553,0.0748074927211467,0.207320748220926,0.22776179500076,0.209195302220484,0.193675996610446,0.0872386652262369,135,STNGDTFLGGEDFDQALLR,685.99213,3,7
30,0.04599987,0.46678,0.33866,0.13985,0.04205,0.01016,0.00208,0.478142238868443,0.33644698294589,0.138281938598772,0.0393198762278762,0.00780896335901892,0,0.176635700346733,0.286709128704609,0.265456408059587,0.15990843503685,0.0815707778418575,0.0297195500103636,85,ASNGDAWVEAHGK,447.87759,3,7
32,0.04599987,0.26063,0.33547,0.23098,0.11202,0.04269,0.01356,0.282712833643972,0.339080333795541,0.220476464650166,0.097779212310837,0.0379804172851417,0.0219707383143422,0.091959244359663,0.198264187304377,0.278392549367991,0.208674468318471,0.14663615118406,0.0760733994654376,168,VIAVYDLGGGTFDISILEIQK,751.07886,3,7
32,0.04599987,0.26063,0.33547,0.23098,0.11202,0.04269,0.01356,0.284172684075979,0.362313883469696,0.232891069861539,0.0925431459317573,0.0255322398596149,0.00254697680141459,0.0966426438398437,0.200427018247964,0.260139874570293,0.226761365718597,0.147596450074202,0.0684326475490997,168,VIAVYDLGGGTFDISILEIQK,1126.11462,2,7
33,0.04599987,0.50345,0.32801,0.12437,0.03462,0.00779,0.00149,0.517026864867877,0.327906962314784,0.116773802269865,0.0329483201158571,0.00534405043161801,0,0.175560589933914,0.274560812909842,0.256740666802543,0.171139322791914,0.0884857321536513,0.033512875408136,91,QAASSLQQASLK,616.33569,2,7
31,0.04599987,0.43672,0.34344,0.15343,0.04987,0.01302,0.00288,0.45482488277413,0.345249770931761,0.15039536571439,0.0436636511986862,0.00586632938103344,0,0.165094815036463,0.284041528670929,0.262629830821455,0.174022802783426,0.0843247099580555,0.0298863127296708,109,EQQIVIQSSGGLSK,737.39899,2,7
22,0.04599987,0.40268,0.34953,0.16848,0.05846,0.01618,0.00377,0.408948481633904,0.355059283553369,0.164774839627871,0.0518391983864348,0.01519593226069,0.00418226453773177,0.211202258866327,0.313687862394871,0.251634953014627,0.141371336141356,0.0590343817788202,0.023069207804,106,QAVTNPNNTFYATK,784.88879,2,7
29,0.04599987,0.37243,0.35175,0.18224,0.06753,0.01988,0.00491,0.392436542682408,0.344963069525064,0.181881671350793,0.0582517022448578,0.0171448983136111,0.00532211588326595,0.153890064610145,0.273937285522073,0.257858890035894,0.176115224229574,0.0918993079325023,0.0462992276698107,116,NAVITVPAYFNDSQR,847.92847,2,7
26,0.04599987,0.43894,0.34296,0.15247,0.04934,0.01283,0.00282,0.443801407386162,0.322877784194159,0.165735605308988,0.0536371626101342,0.0139480405005567,0,0.197264625926764,0.281095481205663,0.239858243687033,0.148412454184453,0.0904188946335079,0.042950300362579,100,TTPSVVAFTADGER,725.86224,2,7
27,0.04599987,0.37576,0.35608,0.18045,0.06441,0.01807,0.00422,0.392760570413693,0.360252543469423,0.1751019389899,0.0588029927041344,0.00953256348200371,0.00354939094084628,0.172072839761859,0.292346598097207,0.265005554126751,0.167895815738584,0.0754177305400159,0.0272614617355829,126,LLGQFTLIGIPPAPR,796.9798,2,7
34,0.04599987,0.29667,0.31881,0.21378,0.10681,0.04333,0.01492,0.304137844606872,0.309197610095182,0.222740514682106,0.108363306706717,0.0439614422212705,0.0115992816878529,0.127589485085948,0.209470902012559,0.235945661993613,0.205549839281444,0.149959891383905,0.0714842202425319,144,GAVVGIDLGTTNScVAVMEGK,1039.51648,2,7
36,0.04599987,0.35937,0.3487,0.18829,0.07327,0.02276,0.00596,0.3914718764809,0.359421351227945,0.18502336340641,0.055341257519115,0.00756536747556445,0.00117678389006537,0.136183838397022,0.229133949045307,0.264819555747176,0.192410329433584,0.124416908449217,0.0530354189276939,126,SQVFSTAADGQTQVEIK,904.9549,2,7
20,0.04599987,0.45299,0.34325,0.14553,0.04458,0.01092,0.00225,0.476761572824232,0.332617067862417,0.141263786603778,0.0373118284977339,0.00954953945754042,0.00249620475429735,0.221754601300434,0.307687526408077,0.252715619189797,0.144828374646431,0.0534273931168851,0.0195864853383762,101,AQFEGIVTDLIK,667.3717,2,7
24,0.04599987,0.46881,0.33716,0.13925,0.04202,0.01021,0.0021,0.491294746627538,0.340813396640603,0.133455273196185,0.03319422411621,0.00124235941946394,0,0.233339365116792,0.315063821873079,0.245427133377454,0.132305546446764,0.057475413671598,0.0163887195143124,89,ETAENYLGHTAK,667.32275,2,7
24,0.04599987,0.49715,0.33119,0.12658,0.03534,0.00794,0.00151,0.533471364997114,0.338953419898512,0.110846317696332,0.0154822318194226,0.00124666558861971,0,0.348238998895334,0.351907193236277,0.195748305758465,0.0781986779857279,0.0215282283265182,0.00437859579767769,92,DAGQISGLNVLR,621.84369,2,7
32,0.046,0.38047,0.35119,0.17858,0.06511,0.01888,0.0046,0.398195610687515,0.364441286491298,0.169035158050666,0.0570071232595324,0.010359866090548,0.000960955420440652,0.122149413539647,0.249951439169905,0.263535105727855,0.200427992642637,0.108245733028606,0.0556903158913495,121,VINEPTAAALAYGLDK,823.44342,2,9
34,0.046,0.31108,0.34446,0.20956,0.09126,0.03159,0.00919,0.315175119310296,0.365980067553476,0.193978413538153,0.0844758334664613,0.0292418405967592,0.0111487255348553,0.0864667889751061,0.211251761900334,0.231592069272811,0.212114337334339,0.191057639049486,0.0675174034679241,135,STNGDTFLGGEDFDQALLR,685.99213,3,9
30,0.046,0.46678,0.33866,0.13985,0.04205,0.01016,0.00208,0.478142238868443,0.33644698294589,0.138281938598772,0.0393198762278762,0.00780896335901892,0,0.15542165819088,0.281945531335411,0.275253371722364,0.172263600045502,0.0810206702881654,0.0340951684176773,85,ASNGDAWVEAHGK,447.87759,3,9
32,0.046,0.26063,0.33547,0.23098,0.11202,0.04269,0.01356,0.282712833643972,0.339080333795541,0.220476464650166,0.097779212310837,0.0379804172851417,0.0219707383143422,0.0811324547716302,0.191942432923345,0.259166398071611,0.23325725101293,0.153745835134685,0.0807556280857987,168,VIAVYDLGGGTFDISILEIQK,751.07886,3,9
32,0.046,0.26063,0.33547,0.23098,0.11202,0.04269,0.01356,0.284172684075979,0.362313883469696,0.232891069861539,0.0925431459317573,0.0255322398596149,0.00254697680141459,0.0833249078722034,0.198937580157004,0.258930737907666,0.23144051299873,0.151559938717775,0.0758063223466209,168,VIAVYDLGGGTFDISILEIQK,1126.11462,2,9
33,0.046,0.50345,0.32801,0.12437,0.03462,0.00779,0.00149,0.517026864867877,0.327906962314784,0.116773802269865,0.0329483201158571,0.00534405043161801,0,0.15367661497945,0.27073187767956,0.266487670620806,0.179804710212166,0.0946913996954381,0.0346077268125797,91,QAASSLQQASLK,616.33569,2,9
31,0.046,0.43672,0.34344,0.15343,0.04987,0.01302,0.00288,0.45482488277413,0.345249770931761,0.15039536571439,0.0436636511986862,0.00586632938103344,0,0.152347446778454,0.257101803553308,0.26847829112414,0.194024519832811,0.0918539127796615,0.0361940259316248,109,EQQIVIQSSGGLSK,737.39899,2,9
22,0.046,0.40268,0.34953,0.16848,0.05846,0.01618,0.00377,0.408948481633904,0.355059283553369,0.164774839627871,0.0518391983864348,0.01519593226069,0.00418226453773177,0.195390106651755,0.303423948670456,0.256404207962881,0.148630168255865,0.0666556794519255,0.0294958890071173,106,QAVTNPNNTFYATK,784.88879,2,9
29,0.046,0.37243,0.35175,0.18224,0.06753,0.01988,0.00491,0.392436542682408,0.344963069525064,0.181881671350793,0.0582517022448578,0.0171448983136111,0.00532211588326595,0.135150949166601,0.262419886457349,0.253292969415737,0.19217786876906,0.104128791561882,0.0528295346293704,116,NAVITVPAYFNDSQR,847.92847,2,9
26,0.046,0.43894,0.34296,0.15247,0.04934,0.01283,0.00282,0.443801407386162,0.322877784194159,0.165735605308988,0.0536371626101342,0.0139480405005567,0,0.157409061308751,0.262628743960902,0.249825250270558,0.1768243594341,0.102248193044303,0.0510643919813854,100,TTPSVVAFTADGER,725.86224,2,9
27,0.046,0.37576,0.35608,0.18045,0.06441,0.01807,0.00422,0.392760570413693,0.360252543469423,0.1751019389899,0.0588029927041344,0.00953256348200371,0.00354939094084628,0.15817542435367,0.281672551862449,0.264961637018691,0.172469240827802,0.0885995663265031,0.0341215796108841,126,LLGQFTLIGIPPAPR,796.9798,2,9
34,0.046,0.29667,0.31881,0.21378,0.10681,0.04333,0.01492,0.304137844606872,0.309197610095182,0.222740514682106,0.108363306706717,0.0439614422212705,0.0115992816878529,0.0966868523681144,0.18000161509979,0.23598484973956,0.235582217012681,0.164588662981787,0.0871558027980671,144,GAVVGIDLGTTNScVAVMEGK,1039.51648,2,9
36,0.046,0.35937,0.3487,0.18829,0.07327,0.02276,0.00596,0.3914718764809,0.359421351227945,0.18502336340641,0.055341257519115,0.00756536747556445,0.00117678389006537,0.113924108605046,0.225607824526211,0.255155266498357,0.207471797089832,0.129899864943232,0.0679411383373225,126,SQVFSTAADGQTQVEIK,904.9549,2,9
20,0.046,0.45299,0.34325,0.14553,0.04458,0.01092,0.00225,0.476761572824232,0.332617067862417,0.141263786603778,0.0373118284977339,0.00954953945754042,0.00249620475429735,0.200607753315488,0.308861654017385,0.262064783326535,0.148699752721879,0.0604957741647295,0.0192702824539831,101,AQFEGIVTDLIK,667.3717,2,9
24,0.046,0.46881,0.33716,0.13925,0.04202,0.01021,0.0021,0.491294746627538,0.340813396640603,0.133455273196185,0.03319422411621,0.00124235941946394,0,0.22839714378048,0.313689837358599,0.250587849960842,0.140708105784006,0.0494255655523062,0.0171914975637672,89,ETAENYLGHTAK,667.32275,2,9
24,0.046,0.49715,0.33119,0.12658,0.03534,0.00794,0.00151,0.533471364997114,0.338953419898512,0.110846317696332,0.0154822318194226,0.00124666558861971,0,0.318091444295885,0.34179177873317,0.207223775681627,0.0913295005583339,0.0329156330717663,0.00864786765921807,92,DAGQISGLNVLR,621.84369,2,9
32,0.046,0.38047,0.35119,0.17858,0.06511,0.01888,0.0046,0.398195610687515,0.364441286491298,0.169035158050666,0.0570071232595324,0.010359866090548,0.000960955420440652,0.0923907073137672,0.221030474257242,0.271941395902258,0.221997785905495,0.126755398006593,0.0658842386146442,121,VINEPTAAALAYGLDK,823.44342,2,13
34,0.046,0.31108,0.34446,0.20956,0.09126,0.03159,0.00919,0.315175119310296,0.365980067553476,0.193978413538153,0.0844758334664613,0.0292418405967592,0.0111487255348553,0.0640657988968049,0.192716720704573,0.27133823677604,0.170789299124762,0.191663305603441,0.109426638894379,135,STNGDTFLGGEDFDQALLR,685.99213,3,13
30,0.046,0.46678,0.33866,0.13985,0.04205,0.01016,0.00208,0.478142238868443,0.33644698294589,0.138281938598772,0.0393198762278762,0.00780896335901892,0,0.129654839094173,0.259400135982162,0.282156991886735,0.191020582974688,0.0986548683869979,0.0391125816752442,85,ASNGDAWVEAHGK,447.87759,3,13
32,0.046,0.26063,0.33547,0.23098,0.11202,0.04269,0.01356,0.282712833643972,0.339080333795541,0.220476464650166,0.097779212310837,0.0379804172851417,0.0219707383143422,0.0743774980608665,0.167179938004682,0.244195455059904,0.219045607005144,0.191342522381299,0.103858979488105,168,VIAVYDLGGGTFDISILEIQK,751.07886,3,13
32,0.046,0.26063,0.33547,0.23098,0.11202,0.04269,0.01356,0.284172684075979,0.362313883469696,0.232891069861539,0.0925431459317573,0.0255322398596149,0.00254697680141459,0.0676773266963497,0.172535832207714,0.252819206813748,0.236679288191839,0.174321397602014,0.0959669484883353,168,VIAVYDLGGGTFDISILEIQK,1126.11462,2,13
33,0.046,0.50345,0.32801,0.12437,0.03462,0.00779,0.00149,0.517026864867877,0.327906962314784,0.116773802269865,0.0329483201158571,0.00534405043161801,0,0.122159031223982,0.256633001889864,0.273194137527657,0.202006790543916,0.10097113501605,0.0450359037985305,91,QAASSLQQASLK,616.33569,2,13
31,0.046,0.43672,0.34344,0.15343,0.04987,0.01302,0.00288,0.45482488277413,0.345249770931761,0.15039536571439,0.0436636511986862,0.00586632938103344,0,0.125208212619206,0.244645742715302,0.269406368285184,0.207164808926325,0.103021320642286,0.0505535468116969,109,EQQIVIQSSGGLSK,737.39899,2,13
22,0.046,0.40268,0.34953,0.16848,0.05846,0.01618,0.00377,0.408948481633904,0.355059283553369,0.164774839627871,0.0518391983864348,0.01519593226069,0.00418226453773177,0.173347048950178,0.303937706965615,0.262299618245991,0.156939004882367,0.0734972145019271,0.0299794064539222,106,QAVTNPNNTFYATK,784.88879,2,13
29,0.046,0.37243,0.35175,0.18224,0.06753,0.01988,0.00491,0.392436542682408,0.344963069525064,0.181881671350793,0.0582517022448578,0.0171448983136111,0.00532211588326595,0.118983364944935,0.245460520711706,0.262444115536653,0.201561568653166,0.108351175249607,0.0631992549039342,116,NAVITVPAYFNDSQR,847.92847,2,13
26,0.046,0.43894,0.34296,0.15247,0.04934,0.01283,0.00282,0.443801407386162,0.322877784194159,0.165735605308988,0.0536371626101342,0.0139480405005567,0,0.14794826585599,0.254472257537616,0.26016267935267,0.187075465317067,0.0970210577201037,0.0533202742165531,100,TTPSVVAFTADGER,725.86224,2,13
27,0.046,0.37576,0.35608,0.18045,0.06441,0.01807,0.00422,0.392760570413693,0.360252543469423,0.1751019389899,0.0588029927041344,0.00953256348200371,0.00354939094084628,0.141939816943214,0.276415326968782,0.263515671518974,0.182516406347291,0.0996112688591987,0.0360015093625396,126,LLGQFTLIGIPPAPR,796.9798,2,13
34,0.046,0.29667,0.31881,0.21378,0.10681,0.04333,0.01492,0.304137844606872,0.309197610095182,0.222740514682106,0.108363306706717,0.0439614422212705,0.0115992816878529,0.0889809236902754,0.176096996095138,0.245161949698681,0.230222971489766,0.165726950187269,0.0938102088388697,144,GAVVGIDLGTTNScVAVMEGK,1039.51648,2,13
36,0.046,0.35937,0.3487,0.18829,0.07327,0.02276,0.00596,0.3914718764809,0.359421351227945,0.18502336340641,0.055341257519115,0.00756536747556445,0.00117678389006537,0.0918443482393564,0.206344386757355,0.257086077294763,0.227625502528587,0.145470393245219,0.0716292919347193,126,SQVFSTAADGQTQVEIK,904.9549,2,13
20,0.046,0.45299,0.34325,0.14553,0.04458,0.01092,0.00225,0.476761572824232,0.332617067862417,0.141263786603778,0.0373118284977339,0.00954953945754042,0.00249620475429735,0.170216931500391,0.303122759270966,0.266630522131385,0.166038123198577,0.069040705461325,0.024950958437356,101,AQFEGIVTDLIK,667.3717,2,13
24,0.046,0.46881,0.33716,0.13925,0.04202,0.01021,0.0021,0.491294746627538,0.340813396640603,0.133455273196185,0.03319422411621,0.00124235941946394,0,0.198234216418456,0.291438028191461,0.265650776719288,0.1515429561303,0.0686225635133864,0.0245114590271086,89,ETAENYLGHTAK,667.32275,2,13
24,0.046,0.49715,0.33119,0.12658,0.03534,0.00794,0.00151,0.533471364997114,0.338953419898512,0.110846317696332,0.0154822318194226,0.00124666558861971,0,0.265625513948083,0.322727822606221,0.238797967893878,0.118071729376041,0.0444412713570571,0.0103356948187204,92,DAGQISGLNVLR,621.84369,2,13
32,0.046,0.38047,0.35119,0.17858,0.06511,0.01888,0.0046,0.398195610687515,0.364441286491298,0.169035158050666,0.0570071232595324,0.010359866090548,0.000960955420440652,0.0914969716066322,0.210275035712367,0.266528521010265,0.223899652555364,0.136118200223403,0.0716816188919683,121,VINEPTAAALAYGLDK,823.44342,2,16
34,0.046,0.31108,0.34446,0.20956,0.09126,0.03159,0.00919,0.315175119310296,0.365980067553476,0.193978413538153,0.0844758334664613,0.0292418405967592,0.0111487255348553,0.058934237780814,0.188877401846377,0.251262174086314,0.209860435279696,0.205371513040377,0.0856942379664221,135,STNGDTFLGGEDFDQALLR,685.99213,3,16
30,0.046,0.46678,0.33866,0.13985,0.04205,0.01016,0.00208,0.478142238868443,0.33644698294589,0.138281938598772,0.0393198762278762,0.00780896335901892,0,0.121119951122967,0.239971360264172,0.275312964257419,0.209762854259611,0.106241549255085,0.0475913208407456,85,ASNGDAWVEAHGK,447.87759,3,16
32,0.046,0.26063,0.33547,0.23098,0.11202,0.04269,0.01356,0.282712833643972,0.339080333795541,0.220476464650166,0.097779212310837,0.0379804172851417,0.0219707383143422,0.0560194634721232,0.151853431457444,0.241477906632052,0.24782061644382,0.19950779151076,0.1033207904838,168,VIAVYDLGGGTFDISILEIQK,751.07886,3,16
32,0.046,0.26063,0.33547,0.23098,0.11202,0.04269,0.01356,0.284172684075979,0.362313883469696,0.232891069861539,0.0925431459317573,0.0255322398596149,0.00254697680141459,0.0514357146088022,0.158495141638808,0.24120882660537,0.249704139578682,0.189709032892113,0.109447144676226,168,VIAVYDLGGGTFDISILEIQK,1126.11462,2,16
33,0.046,0.50345,0.32801,0.12437,0.03462,0.00779,0.00149,0.517026864867877,0.327906962314784,0.116773802269865,0.0329483201158571,0.00534405043161801,0,0.106299107516716,0.242662125058722,0.272953354324686,0.210832684350933,0.115972042778651,0.0512806859702918,91,QAASSLQQASLK,616.33569,2,16
31,0.046,0.43672,0.34344,0.15343,0.04987,0.01302,0.00288,0.45482488277413,0.345249770931761,0.15039536571439,0.0436636511986862,0.00586632938103344,0,0.112036502630623,0.224573089681004,0.270560541564273,0.221862771156992,0.116980812024703,0.0539862829424059,109,EQQIVIQSSGGLSK,737.39899,2,16
22,0.046,0.40268,0.34953,0.16848,0.05846,0.01618,0.00377,0.408948481633904,0.355059283553369,0.164774839627871,0.0518391983864348,0.01519593226069,0.00418226453773177,0.15315345064747,0.289008080464369,0.266682280150337,0.173713132404883,0.0829790591719134,0.0344639971610275,106,QAVTNPNNTFYATK,784.88879,2,16
29,0.046,0.37243,0.35175,0.18224,0.06753,0.01988,0.00491,0.392436542682408,0.344963069525064,0.181881671350793,0.0582517022448578,0.0171448983136111,0.00532211588326595,0.10729643591917,0.230807399533362,0.258652541118896,0.208385394102244,0.120359570103168,0.0744986592231594,116,NAVITVPAYFNDSQR,847.92847,2,16
26,0.046,0.43894,0.34296,0.15247,0.04934,0.01283,0.00282,0.443801407386162,0.322877784194159,0.165735605308988,0.0536371626101342,0.0139480405005567,0,0.138370222477895,0.23147905982054,0.262418775263854,0.179386484709511,0.125002131809084,0.0633433259191168,100,TTPSVVAFTADGER,725.86224,2,16
27,0.046,0.37576,0.35608,0.18045,0.06441,0.01807,0.00422,0.392760570413693,0.360252543469423,0.1751019389899,0.0588029927041344,0.00953256348200371,0.00354939094084628,0.128634238832761,0.25165005152809,0.275408771923257,0.197166297589332,0.104766143621884,0.0423744965046756,126,LLGQFTLIGIPPAPR,796.9798,2,16
34,0.046,0.29667,0.31881,0.21378,0.10681,0.04333,0.01492,0.304137844606872,0.309197610095182,0.222740514682106,0.108363306706717,0.0439614422212705,0.0115992816878529,0.0785230124775008,0.162534717518627,0.241767525656707,0.235354611504615,0.1728400310084,0.10898010183415,144,GAVVGIDLGTTNScVAVMEGK,1039.51648,2,16
36,0.046,0.35937,0.3487,0.18829,0.07327,0.02276,0.00596,0.3914718764809,0.359421351227945,0.18502336340641,0.055341257519115,0.00756536747556445,0.00117678389006537,0.0970651140945743,0.176603934161911,0.260344010232292,0.216177462365196,0.162813178494672,0.0869963006513549,126,SQVFSTAADGQTQVEIK,904.9549,2,16
20,0.046,0.45299,0.34325,0.14553,0.04458,0.01092,0.00225,0.476761572824232,0.332617067862417,0.141263786603778,0.0373118284977339,0.00954953945754042,0.00249620475429735,0.160268631051835,0.291799919932803,0.272650346246372,0.172259321755341,0.0740827163955369,0.0289390646181119,101,AQFEGIVTDLIK,667.3717,2,16
24,0.046,0.46881,0.33716,0.13925,0.04202,0.01021,0.0021,0.491294746627538,0.340813396640603,0.133455273196185,0.03319422411621,0.00124235941946394,0,0.150412512447722,0.284525833313847,0.280113827006028,0.169082026595247,0.084089827102573,0.0317759735345831,89,ETAENYLGHTAK,667.32275,2,16
24,0.046,0.49715,0.33119,0.12658,0.03534,0.00794,0.00151,0.533471364997114,0.338953419898512,0.110846317696332,0.0154822318194226,0.00124666558861971,0,0.180203730632808,0.315696717040593,0.269935871686416,0.143987597441224,0.0657595058412523,0.0244165773577067,92,DAGQISGLNVLR,621.84369,2,16
32,0.046,0.38047,0.35119,0.17858,0.06511,0.01888,0.0046,0.398195610687515,0.364441286491298,0.169035158050666,0.0570071232595324,0.010359866090548,0.000960955420440652,0.0946560745014575,0.225976429897719,0.262679707987484,0.215399676055699,0.134316221777215,0.0669718897804263,121,VINEPTAAALAYGLDK,823.44342,2,21
34,0.046,0.31108,0.34446,0.20956,0.09126,0.03159,0.00919,0.315175119310296,0.365980067553476,0.193978413538153,0.0844758334664613,0.0292418405967592,0.0111487255348553,0.0583728398353979,0.198575722982979,0.224140119758338,0.22293762950958,0.195933651103495,0.100040036810209,135,STNGDTFLGGEDFDQALLR,685.99213,3,21
30,0.046,0.46678,0.33866,0.13985,0.04205,0.01016,0.00208,0.478142238868443,0.33644698294589,0.138281938598772,0.0393198762278762,0.00780896335901892,0,0.128288300594666,0.274526349750474,0.269935330629926,0.195426916152694,0.0930381065820623,0.038784996290178,85,ASNGDAWVEAHGK,447.87759,3,21
32,0.046,0.26063,0.33547,0.23098,0.11202,0.04269,0.01356,0.282712833643972,0.339080333795541,0.220476464650166,0.097779212310837,0.0379804172851417,0.0219707383143422,0.0620719351720382,0.164647947020886,0.251496232237493,0.244482142930409,0.178882518613411,0.0984192240257631,168,VIAVYDLGGGTFDISILEIQK,751.07886,3,21
32,0.046,0.26063,0.33547,0.23098,0.11202,0.04269,0.01356,0.284172684075979,0.362313883469696,0.232891069861539,0.0925431459317573,0.0255322398596149,0.00254697680141459,0.0614742207288887,0.160873538189932,0.258556824527509,0.245540503118601,0.171946827024941,0.101608086410129,168,VIAVYDLGGGTFDISILEIQK,1126.11462,2,21
33,0.046,0.50345,0.32801,0.12437,0.03462,0.00779,0.00149,0.517026864867877,0.327906962314784,0.116773802269865,0.0329483201158571,0.00534405043161801,0,0.134945391170446,0.26346612487562,0.273037977574635,0.185203507571558,0.0999280515705795,0.0434189472371607,91,QAASSLQQASLK,616.33569,2,21
31,0.046,0.43672,0.34344,0.15343,0.04987,0.01302,0.00288,0.45482488277413,0.345249770931761,0.15039536571439,0.0436636511986862,0.00586632938103344,0,0.12293806277516,0.262027701841131,0.279700753158242,0.190330167282332,0.101939441535056,0.0430638734080786,109,EQQIVIQSSGGLSK,737.39899,2,21
22,0.046,0.40268,0.34953,0.16848,0.05846,0.01618,0.00377,0.408948481633904,0.355059283553369,0.164774839627871,0.0518391983864348,0.01519593226069,0.00418226453773177,0.168730689372468,0.301037246659633,0.260358836309622,0.16598301726806,0.0754343758318079,0.0284558345584083,106,QAVTNPNNTFYATK,784.88879,2,21
29,0.046,0.37243,0.35175,0.18224,0.06753,0.01988,0.00491,0.392436542682408,0.344963069525064,0.181881671350793,0.0582517022448578,0.0171448983136111,0.00532211588326595,0.109872066114827,0.249315708967614,0.274636467592724,0.196460533554666,0.117059989023215,0.0526552347469546,116,NAVITVPAYFNDSQR,847.92847,2,21
26,0.046,0.43894,0.34296,0.15247,0.04934,0.01283,0.00282,0.443801407386162,0.322877784194159,0.165735605308988,0.0536371626101342,0.0139480405005567,0,0.142124226425715,0.261016648850047,0.244838001400495,0.178810682333251,0.114797186855512,0.0584132541349796,100,TTPSVVAFTADGER,725.86224,2,21
27,0.046,0.37576,0.35608,0.18045,0.06441,0.01807,0.00422,0.392760570413693,0.360252543469423,0.1751019389899,0.0588029927041344,0.00953256348200371,0.00354939094084628,0.136864485472968,0.272237245812425,0.27533293132431,0.188154024486936,0.0919749136713522,0.0354363992320092,126,LLGQFTLIGIPPAPR,796.9798,2,21
34,0.046,0.29667,0.31881,0.21378,0.10681,0.04333,0.01492,0.304137844606872,0.309197610095182,0.222740514682106,0.108363306706717,0.0439614422212705,0.0115992816878529,0.0933586196748003,0.188806341388346,0.239060134602717,0.217738388889392,0.169894047043374,0.0911424684013712,144,GAVVGIDLGTTNScVAVMEGK,1039.51648,2,21
36,0.046,0.35937,0.3487,0.18829,0.07327,0.02276,0.00596,0.3914718764809,0.359421351227945,0.18502336340641,0.055341257519115,0.00756536747556445,0.00117678389006537,0.0860924086417955,0.21847142158039,0.25218788426205,0.216699225078295,0.145558251009125,0.0809908094283451,126,SQVFSTAADGQTQVEIK,904.9549,2,21
20,0.046,0.45299,0.34325,0.14553,0.04458,0.01092,0.00225,0.476761572824232,0.332617067862417,0.141263786603778,0.0373118284977339,0.00954953945754042,0.00249620475429735,0.16695737481893,0.313994543282048,0.269324448929544,0.161854379098835,0.0652559314217872,0.0226133224488558,101,AQFEGIVTDLIK,667.3717,2,21
24,0.046,0.46881,0.33716,0.13925,0.04202,0.01021,0.0021,0.491294746627538,0.340813396640603,0.133455273196185,0.03319422411621,0.00124235941946394,0,0.199889540203458,0.298024390852388,0.258624136516094,0.167816431747168,0.0578756378404444,0.0177698628404483,89,ETAENYLGHTAK,667.32275,2,21
24,0.046,0.49715,0.33119,0.12658,0.03534,0.00794,0.00151,0.533471364997114,0.338953419898512,0.110846317696332,0.0154822318194226,0.00124666558861971,0,0.222586007918617,0.347258501897949,0.253490226613747,0.124074719576163,0.0413695737502492,0.0112209702432745,92,DAGQISGLNVLR,621.84369,2,21
32,0.046,0.38047,0.35119,0.17858,0.06511,0.01888,0.0046,0.398195610687515,0.364441286491298,0.169035158050666,0.0570071232595324,0.010359866090548,0.000960955420440652,0.0959378214653103,0.231783949911736,0.279929706252143,0.216445498533166,0.122269592715358,0.053633431122287,121,VINEPTAAALAYGLDK,823.44342,2,24
34,0.046,0.31108,0.34446,0.20956,0.09126,0.03159,0.00919,0.315175119310296,0.365980067553476,0.193978413538153,0.0844758334664613,0.0292418405967592,0.0111487255348553,0.0645710331286673,0.198717037205874,0.210399283286773,0.251867685786119,0.202909485218884,0.0715354753736824,135,STNGDTFLGGEDFDQALLR,685.99213,3,24
30,0.046,0.46678,0.33866,0.13985,0.04205,0.01016,0.00208,0.478142238868443,0.33644698294589,0.138281938598772,0.0393198762278762,0.00780896335901892,0,0.129901648966407,0.259598209240556,0.281565524885016,0.195755948501252,0.0931467110286536,0.040031957378115,85,ASNGDAWVEAHGK,447.87759,3,24
32,0.046,0.26063,0.33547,0.23098,0.11202,0.04269,0.01356,0.282712833643972,0.339080333795541,0.220476464650166,0.097779212310837,0.0379804172851417,0.0219707383143422,0.0622615483655736,0.167362572518774,0.244428670524726,0.252383543035274,0.175235469439863,0.0983281961157886,168,VIAVYDLGGGTFDISILEIQK,751.07886,3,24
32,0.046,0.26063,0.33547,0.23098,0.11202,0.04269,0.01356,0.284172684075979,0.362313883469696,0.232891069861539,0.0925431459317573,0.0255322398596149,0.00254697680141459,0.0641237508242608,0.165961690876426,0.249745296905211,0.241353771931707,0.188411370585994,0.0904041188764019,168,VIAVYDLGGGTFDISILEIQK,1126.11462,2,24
33,0.046,0.50345,0.32801,0.12437,0.03462,0.00779,0.00149,0.517026864867877,0.327906962314784,0.116773802269865,0.0329483201158571,0.00534405043161801,0,0.133703032670339,0.272693781011434,0.279266906158403,0.189262929539811,0.091345533858765,0.0337278167612483,91,QAASSLQQASLK,616.33569,2,24
31,0.046,0.43672,0.34344,0.15343,0.04987,0.01302,0.00288,0.45482488277413,0.345249770931761,0.15039536571439,0.0436636511986862,0.00586632938103344,0,0.12542151368052,0.241810179893432,0.265782472794694,0.208716297123661,0.111610364486879,0.0466591720208147,109,EQQIVIQSSGGLSK,737.39899,2,24
22,0.046,0.40268,0.34953,0.16848,0.05846,0.01618,0.00377,0.408948481633904,0.355059283553369,0.164774839627871,0.0518391983864348,0.01519593226069,0.00418226453773177,0.161743369485437,0.298673633999647,0.26814255061214,0.162567699150414,0.0786792446166296,0.0301935021357321,106,QAVTNPNNTFYATK,784.88879,2,24
29,0.046,0.37243,0.35175,0.18224,0.06753,0.01988,0.00491,0.392436542682408,0.344963069525064,0.181881671350793,0.0582517022448578,0.0171448983136111,0.00532211588326595,0.11137797553652,0.24102588149795,0.288539563404647,0.202726533755153,0.112051639262986,0.0442784065427437,116,NAVITVPAYFNDSQR,847.92847,2,24
26,0.046,0.43894,0.34296,0.15247,0.04934,0.01283,0.00282,0.443801407386162,0.322877784194159,0.165735605308988,0.0536371626101342,0.0139480405005567,0,0.132991639917017,0.240883140879355,0.2488729210609,0.175413221335424,0.134188903440335,0.0676501733669675,100,TTPSVVAFTADGER,725.86224,2,24
27,0.046,0.37576,0.35608,0.18045,0.06441,0.01807,0.00422,0.392760570413693,0.360252543469423,0.1751019389899,0.0588029927041344,0.00953256348200371,0.00354939094084628,0.133273536304122,0.262919204933923,0.274581249886402,0.193049080343294,0.0962323742325575,0.0399445542997018,126,LLGQFTLIGIPPAPR,796.9798,2,24
34,0.046,0.29667,0.31881,0.21378,0.10681,0.04333,0.01492,0.304137844606872,0.309197610095182,0.222740514682106,0.108363306706717,0.0439614422212705,0.0115992816878529,0.0644425140229645,0.175434888653867,0.247318206083481,0.232790303620384,0.167459744052929,0.112554343566375,144,GAVVGIDLGTTNScVAVMEGK,1039.51648,2,24
36,0.046,0.35937,0.3487,0.18829,0.07327,0.02276,0.00596,0.3914718764809,0.359421351227945,0.18502336340641,0.055341257519115,0.00756536747556445,0.00117678389006537,0.0921874784092444,0.202186689441246,0.264824463535192,0.217198789179282,0.148278667954571,0.075323911480465,126,SQVFSTAADGQTQVEIK,904.9549,2,24
20,0.046,0.45299,0.34325,0.14553,0.04458,0.01092,0.00225,0.476761572824232,0.332617067862417,0.141263786603778,0.0373118284977339,0.00954953945754042,0.00249620475429735,0.170054417036858,0.30413421752624,0.270509562901825,0.162473713270418,0.069762339569237,0.0230657496954226,101,AQFEGIVTDLIK,667.3717,2,24
24,0.046,0.46881,0.33716,0.13925,0.04202,0.01021,0.0021,0.491294746627538,0.340813396640603,0.133455273196185,0.03319422411621,0.00124235941946394,0,0.169054683887724,0.287256617205795,0.266761844388595,0.172566619565146,0.0795394251055919,0.0248208098471483,89,ETAENYLGHTAK,667.32275,2,24
24,0.046,0.49715,0.33119,0.12658,0.03534,0.00794,0.00151,0.533471364997114,0.338953419898512,0.110846317696332,0.0154822318194226,0.00124666558861971,0,0.198606543513812,0.3227068357598,0.261010199718488,0.139248912159309,0.0567665725061838,0.0216609363424056,92,DAGQISGLNVLR,621.84369,2,24
32,0.046,0.38047,0.35119,0.17858,0.06511,0.01888,0.0046,0.398195610687515,0.364441286491298,0.169035158050666,0.0570071232595324,0.010359866090548,0.000960955420440652,0.0931482526338074,0.22383733492727,0.269600360966481,0.214789562465313,0.134166067402746,0.0644584216043829,121,VINEPTAAALAYGLDK,823.44342,2,31
34,0.046,0.31108,0.34446,0.20956,0.09126,0.03159,0.00919,0.315175119310296,0.365980067553476,0.193978413538153,0.0844758334664613,0.0292418405967592,0.0111487255348553,0.0471313768259944,0.214556812474426,0.220200716640843,0.206206646740292,0.145623835490648,0.166280611827797,135,STNGDTFLGGEDFDQALLR,685.99213,3,31
30,0.046,0.46678,0.33866,0.13985,0.04205,0.01016,0.00208,0.478142238868443,0.33644698294589,0.138281938598772,0.0393198762278762,0.00780896335901892,0,0.121056346081881,0.247505381377476,0.284886142000841,0.195484119185447,0.108643710227741,0.0424243011266145,85,ASNGDAWVEAHGK,447.87759,3,31
32,0.046,0.26063,0.33547,0.23098,0.11202,0.04269,0.01356,0.282712833643972,0.339080333795541,0.220476464650166,0.097779212310837,0.0379804172851417,0.0219707383143422,0.0582127874515697,0.160854210964862,0.252829317001708,0.246287002171484,0.175579495579911,0.106237186830466,168,VIAVYDLGGGTFDISILEIQK,751.07886,3,31
32,0.046,0.26063,0.33547,0.23098,0.11202,0.04269,0.01356,0.284172684075979,0.362313883469696,0.232891069861539,0.0925431459317573,0.0255322398596149,0.00254697680141459,0.0637558259765656,0.164490861332794,0.253544623349241,0.250198504749691,0.176139747343783,0.0918704372479256,168,VIAVYDLGGGTFDISILEIQK,1126.11462,2,31
33,0.046,0.50345,0.32801,0.12437,0.03462,0.00779,0.00149,0.517026864867877,0.327906962314784,0.116773802269865,0.0329483201158571,0.00534405043161801,0,0.117225137258715,0.249499215803961,0.27510026412383,0.202192823829793,0.109164719080098,0.0468178399036031,91,QAASSLQQASLK,616.33569,2,31
31,0.046,0.43672,0.34344,0.15343,0.04987,0.01302,0.00288,0.45482488277413,0.345249770931761,0.15039536571439,0.0436636511986862,0.00586632938103344,0,0.116348927047447,0.250938459196055,0.259810109199878,0.203209852651556,0.116447984534196,0.0532446673708684,109,EQQIVIQSSGGLSK,737.39899,2,31
22,0.046,0.40268,0.34953,0.16848,0.05846,0.01618,0.00377,0.408948481633904,0.355059283553369,0.164774839627871,0.0518391983864348,0.01519593226069,0.00418226453773177,0.165742073350769,0.289138658739769,0.263207577766956,0.16889761616086,0.080372747836489,0.0326413261451579,106,QAVTNPNNTFYATK,784.88879,2,31
29,0.046,0.37243,0.35175,0.18224,0.06753,0.01988,0.00491,0.392436542682408,0.344963069525064,0.181881671350793,0.0582517022448578,0.0171448983136111,0.00532211588326595,0.112135442180569,0.239131020522184,0.269527732387489,0.195255066935535,0.123321549565079,0.0606291884091431,116,NAVITVPAYFNDSQR,847.92847,2,31
26,0.046,0.43894,0.34296,0.15247,0.04934,0.01283,0.00282,0.443801407386162,0.322877784194159,0.165735605308988,0.0536371626101342,0.0139480405005567,0,0.119958280996951,0.246393357557653,0.247688761995961,0.191939799138205,0.131019643405481,0.0630001569057493,100,TTPSVVAFTADGER,725.86224,2,31
27,0.046,0.37576,0.35608,0.18045,0.06441,0.01807,0.00422,0.392760570413693,0.360252543469423,0.1751019389899,0.0588029927041344,0.00953256348200371,0.00354939094084628,0.128502015211059,0.256120745646591,0.278271431449569,0.197409700696262,0.101116860680316,0.0385792463162032,126,LLGQFTLIGIPPAPR,796.9798,2,31
34,0.046,0.29667,0.31881,0.21378,0.10681,0.04333,0.01492,0.304137844606872,0.309197610095182,0.222740514682106,0.108363306706717,0.0439614422212705,0.0115992816878529,0.0748614189421071,0.171491047369134,0.237905606552777,0.235023704900791,0.18549532581235,0.0952228964228415,144,GAVVGIDLGTTNScVAVMEGK,1039.51648,2,31
36,0.046,0.35937,0.3487,0.18829,0.07327,0.02276,0.00596,0.3914718764809,0.359421351227945,0.18502336340641,0.055341257519115,0.00756536747556445,0.00117678389006537,0.0824518612312023,0.199373395864827,0.257516503079211,0.231415854054318,0.154862614002548,0.0743797717678936,126,SQVFSTAADGQTQVEIK,904.9549,2,31
20,0.046,0.45299,0.34325,0.14553,0.04458,0.01092,0.00225,0.476761572824232,0.332617067862417,0.141263786603778,0.0373118284977339,0.00954953945754042,0.00249620475429735,0.147758063535037,0.309371047775079,0.274247311780349,0.170458407174044,0.071552508706432,0.0266126610290588,101,AQFEGIVTDLIK,667.3717,2,31
24,0.046,0.46881,0.33716,0.13925,0.04202,0.01021,0.0021,0.491294746627538,0.340813396640603,0.133455273196185,0.03319422411621,0.00124235941946394,0,0.165621597167919,0.284995257136281,0.27350549029121,0.168479434233512,0.0773166316028933,0.0300815895681848,89,ETAENYLGHTAK,667.32275,2,31
24,0.046,0.49715,0.33119,0.12658,0.03534,0.00794,0.00151,0.533471364997114,0.338953419898512,0.110846317696332,0.0154822318194226,0.00124666558861971,0,0.192041673346781,0.324225995864248,0.272898779145732,0.147747480861714,0.0470734181067414,0.0160126526747827,92,DAGQISGLNVLR,621.84369,2,31
