NEH,px_t,fNatIsotopes0,fNatIsotopes1,fNatIsotopes2,fNatIsotopes3,fNatIsotopes4,fNatIsotopes5,current_Exp_isotope_distribution_t0[0],current_Exp_isotope_distribution_t0[1],current_Exp_isotope_distribution_t0[2],current_Exp_isotope_distribution_t0[3],current_Exp_isotope_distribution_t0[4],current_Exp_isotope_distribution_t0[5],current_Exp_isotope_distribution[0],current_Exp_isotope_distribution[1],current_Exp_isotope_distribution[2],current_Exp_isotope_distribution[3],current_Exp_isotope_distribution[4],current_Exp_isotope_distribution[5],NumberOfHydrogens,PeptideSeq,SeqMass,Charge,Exp_time
45,0.03855948,0.14741,0.26403,0.25566,0.17485,0.09401,0.04206,0.154338020397944,0.282510829200145,0.262161928118209,0.171183004040154,0.091852497986242,0.0379537202573072,0.133064122161332,0.249884539227318,0.253737844523275,0.182693080423388,0.117686789686994,0.0629336239776928,219,YNLENFMVINAVAFDHADPSIFTVLTAK,1047.53027,3,1
34,0.03855948,0.34916,0.33663,0.19349,0.08213,0.02805,0.00808,0.350353437452732,0.341168215992619,0.179476401029989,0.0994781409681113,0.0271027407626025,0.00242106379394658,0.297746620596325,0.316050531579061,0.207954537197193,0.117187999289293,0.0480727163088365,0.0129875950292908,116,NLYAEQLSGSAFTcPR,605.28943,3,1
52,0.03855948,0.16752,0.28732,0.25882,0.16183,0.07863,0.03156,0.173128243552422,0.298516249151329,0.262702315129138,0.160790537429897,0.0745021466736731,0.0303605080635411,0.153222171340964,0.253575312868627,0.25754085918044,0.180418695265037,0.101167147414084,0.0540758139308478,210,GYILEVYGVHFELPDLGPIGANGLANPR,994.52216,3,1
28,0.03855948,0.38702,0.32024,0.18056,0.07606,0.02614,0.00761,0.392388630869114,0.321709686590877,0.179645872142607,0.0720495824221504,0.0247582686259267,0.00944795934932498,0.330572748145264,0.307062620128721,0.184844853600548,0.090457215314119,0.0504142641393579,0.0366482986719898,110,MSLQPNEIcVIQR,794.40271,2,1
34,0.03855948,0.34916,0.33663,0.19349,0.08213,0.02805,0.00808,0.364001141625142,0.335340349431906,0.190715468979571,0.0744564905090893,0.0280732428219744,0.00741330663231766,0.303884346310124,0.315145694221406,0.215284528859611,0.105594923767826,0.043064854932633,0.0170256519084003,116,NLYAEQLSGSAFTcPR,907.43048,2,1
34,0.03855948,0.38026,0.33323,0.18093,0.07312,0.02391,0.00661,0.38942489570101,0.330148460275298,0.183861300223683,0.0700131059767391,0.0215043530827466,0.00504788474052383,0.321485981402619,0.320951465500889,0.201834883538823,0.0987129257928931,0.0430256508807112,0.0139890928840657,100,YISGFGNEcASEDPR,851.3623,2,1
20,0.03855948,0.39237,0.3532,0.17287,0.06022,0.0166,0.00383,0.407521368500407,0.33699167672885,0.174858232191408,0.0553589954861416,0.0215847010580608,0.00368502603513251,0.360631735637212,0.333120426241606,0.19085074609598,0.0768176986434028,0.031226620540199,0.00735277284160126,103,DFLIPVAWYEDR,762.38007,2,1
37,0.03855948,0.34836,0.33805,0.19377,0.0818,0.02773,0.00791,0.346641410147825,0.351589796934661,0.189059791780451,0.0834943814044757,0.0274287746496365,0.00178584508295097,0.319959904105782,0.317859868909775,0.205674335933627,0.110675354888205,0.039659310512361,0.00617122565024989,116,QGGFLPGGGSLHSAMTPH,584.28253,3,1
16,0.03855948,0.42581,0.2965,0.17177,0.07125,0.02494,0.00738,0.44018532501959,0.306693713307282,0.164297545907904,0.063540549426777,0.021260993101332,0.00402187323711546,0.386029379539001,0.317519078498973,0.178491967641896,0.0791144959681099,0.0322933537504362,0.00655172460158416,88,NcMSEFMGLIK,665.30359,2,1
37,0.03855948,0.28265,0.31804,0.21881,0.11178,0.04623,0.01619,0.302128358758211,0.325775634346376,0.193114775275269,0.112069417489353,0.0465179660314561,0.0203938480993337,0.247145519842022,0.300190736697376,0.216756653315595,0.131250831832763,0.0646993958371471,0.0399568624750969,139,SNNGLAVHIFLcNSSMENR,721.67383,3,1
45,0.04479649,0.14741,0.26403,0.25566,0.17485,0.09401,0.04206,0.154338020397944,0.282510829200145,0.262161928118209,0.171183004040154,0.091852497986242,0.0379537202573072,0.107781910534999,0.211419129838968,0.247400120223018,0.204483335732263,0.141348204467618,0.0875672992031332,219,YNLENFMVINAVAFDHADPSIFTVLTAK,1047.53027,3,2
34,0.04479649,0.34916,0.33663,0.19349,0.08213,0.02805,0.00808,0.350353437452732,0.341168215992619,0.179476401029989,0.0994781409681113,0.0271027407626025,0.00242106379394658,0.243052313938487,0.304401470179752,0.229554725182446,0.141465815231879,0.0588369180342601,0.0226887574331751,116,NLYAEQLSGSAFTcPR,605.28943,3,2
52,0.04479649,0.16752,0.28732,0.25882,0.16183,0.07863,0.03156,0.173128243552422,0.298516249151329,0.262702315129138,0.160790537429897,0.0745021466736731,0.0303605080635411,0.125962549326324,0.222482481402399,0.248232553516136,0.194917913524957,0.134701371697054,0.0737031305331298,210,GYILEVYGVHFELPDLGPIGANGLANPR,994.52216,3,2
28,0.04479649,0.38702,0.32024,0.18056,0.07606,0.02614,0.00761,0.392388630869114,0.321709686590877,0.179645872142607,0.0720495824221504,0.0247582686259267,0.00944795934932498,0.275117524393714,0.283442853733204,0.197135390667744,0.109169875293099,0.064971062169217,0.0701632937430213,110,MSLQPNEIcVIQR,794.40271,2,2
34,0.04479649,0.34916,0.33663,0.19349,0.08213,0.02805,0.00808,0.364001141625142,0.335340349431906,0.190715468979571,0.0744564905090893,0.0280732428219744,0.00741330663231766,0.249622348199606,0.293372584373447,0.230828152122019,0.137018830196953,0.0589870049468681,0.0301710801611067,116,NLYAEQLSGSAFTcPR,907.43048,2,2
34,0.04479649,0.38026,0.33323,0.18093,0.07312,0.02391,0.00661,0.38942489570101,0.330148460275298,0.183861300223683,0.0700131059767391,0.0215043530827466,0.00504788474052383,0.273443819896787,0.303302692228341,0.214241166612732,0.121061622318706,0.0631340824773221,0.0248166164661116,100,YISGFGNEcASEDPR,851.3623,2,2
20,0.04479649,0.39237,0.3532,0.17287,0.06022,0.0166,0.00383,0.407521368500407,0.33699167672885,0.174858232191408,0.0553589954861416,0.0215847010580608,0.00368502603513251,0.31239393906813,0.33302674890334,0.204147509208385,0.0977483445592369,0.0415445482793103,0.0111389099815972,103,DFLIPVAWYEDR,762.38007,2,2
37,0.04479649,0.34836,0.33805,0.19377,0.0818,0.02773,0.00791,0.346641410147825,0.351589796934661,0.189059791780451,0.0834943814044757,0.0274287746496365,0.00178584508295097,0.287239394861878,0.296005114473238,0.209956618107684,0.135125411658349,0.0531144531111322,0.0185590077877192,116,QGGFLPGGGSLHSAMTPH,584.28253,3,2
16,0.04479649,0.42581,0.2965,0.17177,0.07125,0.02494,0.00738,0.44018532501959,0.306693713307282,0.164297545907904,0.063540549426777,0.021260993101332,0.00402187323711546,0.350355103782395,0.309573389630054,0.198955390178278,0.092820983991099,0.0393046966869633,0.00899043573121074,88,NcMSEFMGLIK,665.30359,2,2
37,0.04479649,0.28265,0.31804,0.21881,0.11178,0.04623,0.01619,0.302128358758211,0.325775634346376,0.193114775275269,0.112069417489353,0.0465179660314561,0.0203938480993337,0.211197427415544,0.29115904611519,0.213726213390809,0.148418500247807,0.0901848756929957,0.045313937137654,139,SNNGLAVHIFLcNSSMENR,721.67383,3,2
45,0.04580533,0.14741,0.26403,0.25566,0.17485,0.09401,0.04206,0.154338020397944,0.282510829200145,0.262161928118209,0.171183004040154,0.091852497986242,0.0379537202573072,0.0955896921418525,0.190686645521811,0.237991638238008,0.210752728744352,0.159148997247026,0.105830298106951,219,YNLENFMVINAVAFDHADPSIFTVLTAK,1047.53027,3,3
34,0.04580533,0.34916,0.33663,0.19349,0.08213,0.02805,0.00808,0.350353437452732,0.341168215992619,0.179476401029989,0.0994781409681113,0.0271027407626025,0.00242106379394658,0.20427496373484,0.263064921798279,0.225264062509984,0.184482290585322,0.0841932961002097,0.0387204652713647,116,NLYAEQLSGSAFTcPR,605.28943,3,3
52,0.04580533,0.16752,0.28732,0.25882,0.16183,0.07863,0.03156,0.173128243552422,0.298516249151329,0.262702315129138,0.160790537429897,0.0745021466736731,0.0303605080635411,0.110552545477196,0.194950091468012,0.232190358375388,0.199932245916724,0.158415708456365,0.103959050306314,210,GYILEVYGVHFELPDLGPIGANGLANPR,994.52216,3,3
28,0.04580533,0.38702,0.32024,0.18056,0.07606,0.02614,0.00761,0.392388630869114,0.321709686590877,0.179645872142607,0.0720495824221504,0.0247582686259267,0.00944795934932498,0.261539788524645,0.281025435332736,0.210075083607987,0.113174057475233,0.068056445445512,0.0661291896138867,110,MSLQPNEIcVIQR,794.40271,2,3
34,0.04580533,0.34916,0.33663,0.19349,0.08213,0.02805,0.00808,0.364001141625142,0.335340349431906,0.190715468979571,0.0744564905090893,0.0280732428219744,0.00741330663231766,0.218016981137921,0.264951489795411,0.23360675520898,0.151712541550209,0.0910234559468383,0.0406887763606405,116,NLYAEQLSGSAFTcPR,907.43048,2,3
34,0.04580533,0.38026,0.33323,0.18093,0.07312,0.02391,0.00661,0.38942489570101,0.330148460275298,0.183861300223683,0.0700131059767391,0.0215043530827466,0.00504788474052383,0.238781961532558,0.284529285627094,0.229035091606217,0.140115845532242,0.0738369838730097,0.0337008318288789,100,YISGFGNEcASEDPR,851.3623,2,3
20,0.04580533,0.39237,0.3532,0.17287,0.06022,0.0166,0.00383,0.407521368500407,0.33699167672885,0.174858232191408,0.0553589954861416,0.0215847010580608,0.00368502603513251,0.277941537532843,0.324020535211355,0.214813080100493,0.113480248872129,0.0534256720152344,0.016318926267946,103,DFLIPVAWYEDR,762.38007,2,3
37,0.04580533,0.34836,0.33805,0.19377,0.0818,0.02773,0.00791,0.346641410147825,0.351589796934661,0.189059791780451,0.0834943814044757,0.0274287746496365,0.00178584508295097,0.235556969759577,0.28756067543853,0.223629592480377,0.15131541323812,0.0740736697062904,0.0278636793771061,116,QGGFLPGGGSLHSAMTPH,584.28253,3,3
16,0.04580533,0.42581,0.2965,0.17177,0.07125,0.02494,0.00738,0.44018532501959,0.306693713307282,0.164297545907904,0.063540549426777,0.021260993101332,0.00402187323711546,0.325445089983248,0.308983385185431,0.212776562872126,0.0983626084193035,0.0415879038098218,0.0128444497300696,88,NcMSEFMGLIK,665.30359,2,3
37,0.04580533,0.28265,0.31804,0.21881,0.11178,0.04623,0.01619,0.302128358758211,0.325775634346376,0.193114775275269,0.112069417489353,0.0465179660314561,0.0203938480993337,0.180397878212342,0.276955328477241,0.225813523096008,0.175081238504308,0.0954933120328503,0.0462587196772503,139,SNNGLAVHIFLcNSSMENR,721.67383,3,3
45,0.04599918,0.14741,0.26403,0.25566,0.17485,0.09401,0.04206,0.154338020397944,0.282510829200145,0.262161928118209,0.171183004040154,0.091852497986242,0.0379537202573072,0.0517412711677138,0.135949771002866,0.208291683702145,0.229452343029192,0.208007063467991,0.166557867630092,219,YNLENFMVINAVAFDHADPSIFTVLTAK,1047.53027,3,6
34,0.04599918,0.34916,0.33663,0.19349,0.08213,0.02805,0.00808,0.350353437452732,0.341168215992619,0.179476401029989,0.0994781409681113,0.0271027407626025,0.00242106379394658,0.133224472952083,0.208809202558508,0.246288153728618,0.221383414814747,0.125968159523313,0.0643265964227308,116,NLYAEQLSGSAFTcPR,605.28943,3,6
52,0.04599918,0.16752,0.28732,0.25882,0.16183,0.07863,0.03156,0.173128243552422,0.298516249151329,0.262702315129138,0.160790537429897,0.0745021466736731,0.0303605080635411,0.0583793819955437,0.133182244839712,0.204207612557393,0.234085564161001,0.213059499577942,0.157085696868408,210,GYILEVYGVHFELPDLGPIGANGLANPR,994.52216,3,6
28,0.04599918,0.38702,0.32024,0.18056,0.07606,0.02614,0.00761,0.392388630869114,0.321709686590877,0.179645872142607,0.0720495824221504,0.0247582686259267,0.00944795934932498,0.164807154444054,0.250472177566865,0.236135364273544,0.159517226603548,0.111881058533578,0.0771870185784099,110,MSLQPNEIcVIQR,794.40271,2,6
34,0.04599918,0.34916,0.33663,0.19349,0.08213,0.02805,0.00808,0.364001141625142,0.335340349431906,0.190715468979571,0.0744564905090893,0.0280732428219744,0.00741330663231766,0.131838683595966,0.224619272522492,0.25345761489618,0.20022064699465,0.12652877026272,0.0633350117279921,116,NLYAEQLSGSAFTcPR,907.43048,2,6
34,0.04599918,0.38026,0.33323,0.18093,0.07312,0.02391,0.00661,0.38942489570101,0.330148460275298,0.183861300223683,0.0700131059767391,0.0215043530827466,0.00504788474052383,0.136122059967531,0.248603373880905,0.251116536085453,0.188567743518898,0.114443870549554,0.0611464159976593,100,YISGFGNEcASEDPR,851.3623,2,6
20,0.04599918,0.39237,0.3532,0.17287,0.06022,0.0166,0.00383,0.407521368500407,0.33699167672885,0.174858232191408,0.0553589954861416,0.0215847010580608,0.00368502603513251,0.197361579821735,0.294483321005141,0.246823127411178,0.156688951334688,0.076628276277304,0.0280147441499547,103,DFLIPVAWYEDR,762.38007,2,6
37,0.04599918,0.34836,0.33805,0.19377,0.0818,0.02773,0.00791,0.346641410147825,0.351589796934661,0.189059791780451,0.0834943814044757,0.0274287746496365,0.00178584508295097,0.168999652919961,0.234691057962865,0.242627398388218,0.185760573195756,0.110855253958329,0.0570660635748724,116,QGGFLPGGGSLHSAMTPH,584.28253,3,6
16,0.04599918,0.42581,0.2965,0.17177,0.07125,0.02494,0.00738,0.44018532501959,0.306693713307282,0.164297545907904,0.063540549426777,0.021260993101332,0.00402187323711546,0.257467391523983,0.311068282388606,0.232369917466175,0.123799735948336,0.0574841397250711,0.0178105329478289,88,NcMSEFMGLIK,665.30359,2,6
37,0.04599918,0.28265,0.31804,0.21881,0.11178,0.04623,0.01619,0.302128358758211,0.325775634346376,0.193114775275269,0.112069417489353,0.0465179660314561,0.0203938480993337,0.119733707184643,0.217038748756554,0.230871504140183,0.22036962920035,0.14007898901964,0.0719074216986301,139,SNNGLAVHIFLcNSSMENR,721.67383,3,6
45,0.04599987,0.14741,0.26403,0.25566,0.17485,0.09401,0.04206,0.154338020397944,0.282510829200145,0.262161928118209,0.171183004040154,0.091852497986242,0.0379537202573072,0.0502816839946609,0.138338171474801,0.210050711438328,0.231568983322747,0.209494646677485,0.160265803091978,219,YNLENFMVINAVAFDHADPSIFTVLTAK,1047.53027,3,7
34,0.04599987,0.34916,0.33663,0.19349,0.08213,0.02805,0.00808,0.350353437452732,0.341168215992619,0.179476401029989,0.0994781409681113,0.0271027407626025,0.00242106379394658,0.133138068685178,0.249878363546671,0.24935300078671,0.196403754564467,0.11753756413251,0.0536892482844638,116,NLYAEQLSGSAFTcPR,605.28943,3,7
52,0.04599987,0.16752,0.28732,0.25882,0.16183,0.07863,0.03156,0.173128243552422,0.298516249151329,0.262702315129138,0.160790537429897,0.0745021466736731,0.0303605080635411,0.0580675116847052,0.129755329115778,0.213469481182089,0.236158899116775,0.203571789268535,0.158976989632118,210,GYILEVYGVHFELPDLGPIGANGLANPR,994.52216,3,7
28,0.04599987,0.38702,0.32024,0.18056,0.07606,0.02614,0.00761,0.392388630869114,0.321709686590877,0.179645872142607,0.0720495824221504,0.0247582686259267,0.00944795934932498,0.168186613402563,0.246194477301095,0.235611479188119,0.157750768265944,0.113659823741288,0.0785968381009911,110,MSLQPNEIcVIQR,794.40271,2,7
34,0.04599987,0.34916,0.33663,0.19349,0.08213,0.02805,0.00808,0.364001141625142,0.335340349431906,0.190715468979571,0.0744564905090893,0.0280732428219744,0.00741330663231766,0.138581161370047,0.236080591052033,0.243654438232976,0.201147199719462,0.12160353857231,0.0589330710531729,116,NLYAEQLSGSAFTcPR,907.43048,2,7
34,0.04599987,0.38026,0.33323,0.18093,0.07312,0.02391,0.00661,0.38942489570101,0.330148460275298,0.183861300223683,0.0700131059767391,0.0215043530827466,0.00504788474052383,0.139115377661077,0.241961516894353,0.257444056907176,0.18957698135095,0.115156476659898,0.0567455905265467,100,YISGFGNEcASEDPR,851.3623,2,7
20,0.04599987,0.39237,0.3532,0.17287,0.06022,0.0166,0.00383,0.407521368500407,0.33699167672885,0.174858232191408,0.0553589954861416,0.0215847010580608,0.00368502603513251,0.198653172181473,0.301832813044147,0.247595097295281,0.152239289354311,0.0738516922743569,0.0258279358504306,103,DFLIPVAWYEDR,762.38007,2,7
37,0.04599987,0.34836,0.33805,0.19377,0.0818,0.02773,0.00791,0.346641410147825,0.351589796934661,0.189059791780451,0.0834943814044757,0.0274287746496365,0.00178584508295097,0.135691558705665,0.244380170486243,0.245210663265047,0.191114298935338,0.118478710827659,0.0651245977800485,116,QGGFLPGGGSLHSAMTPH,584.28253,3,7
16,0.04599987,0.42581,0.2965,0.17177,0.07125,0.02494,0.00738,0.44018532501959,0.306693713307282,0.164297545907904,0.063540549426777,0.021260993101332,0.00402187323711546,0.251145679938106,0.317549928894518,0.231629685439613,0.120535966950166,0.0604143005572305,0.0187244382203661,88,NcMSEFMGLIK,665.30359,2,7
37,0.04599987,0.28265,0.31804,0.21881,0.11178,0.04623,0.01619,0.302128358758211,0.325775634346376,0.193114775275269,0.112069417489353,0.0465179660314561,0.0203938480993337,0.119905549900694,0.220766040404259,0.23084571818341,0.214137599608203,0.141720346866268,0.0726247450371671,139,SNNGLAVHIFLcNSSMENR,721.67383,3,7
45,0.046,0.14741,0.26403,0.25566,0.17485,0.09401,0.04206,0.154338020397944,0.282510829200145,0.262161928118209,0.171183004040154,0.091852497986242,0.0379537202573072,0.0399516866206476,0.11944023086704,0.202168122781651,0.233041758082276,0.226846509957084,0.178551691691302,219,YNLENFMVINAVAFDHADPSIFTVLTAK,1047.53027,3,9
34,0.046,0.34916,0.33663,0.19349,0.08213,0.02805,0.00808,0.350353437452732,0.341168215992619,0.179476401029989,0.0994781409681113,0.0271027407626025,0.00242106379394658,0.111953044809301,0.235346094551504,0.239359043935465,0.209463354690753,0.132601896871129,0.0712765651418487,116,NLYAEQLSGSAFTcPR,605.28943,3,9
52,0.046,0.16752,0.28732,0.25882,0.16183,0.07863,0.03156,0.173128243552422,0.298516249151329,0.262702315129138,0.160790537429897,0.0745021466736731,0.0303605080635411,0.051188509768703,0.113700965984915,0.202942837594159,0.237909509165069,0.217148185230185,0.177109992256969,210,GYILEVYGVHFELPDLGPIGANGLANPR,994.52216,3,9
28,0.046,0.38702,0.32024,0.18056,0.07606,0.02614,0.00761,0.392388630869114,0.321709686590877,0.179645872142607,0.0720495824221504,0.0247582686259267,0.00944795934932498,0.141612575280314,0.245600674046521,0.242313523590471,0.173064910547028,0.116624535954652,0.0807837805810139,110,MSLQPNEIcVIQR,794.40271,2,9
34,0.046,0.34916,0.33663,0.19349,0.08213,0.02805,0.00808,0.364001141625142,0.335340349431906,0.190715468979571,0.0744564905090893,0.0280732428219744,0.00741330663231766,0.111809242410749,0.218638319158793,0.25964006839618,0.210318066083488,0.133815066080714,0.0657792378700765,116,NLYAEQLSGSAFTcPR,907.43048,2,9
34,0.046,0.38026,0.33323,0.18093,0.07312,0.02391,0.00661,0.38942489570101,0.330148460275298,0.183861300223683,0.0700131059767391,0.0215043530827466,0.00504788474052383,0.112547967156383,0.22578807651964,0.261705147623637,0.203613291025396,0.132736645315554,0.0636088723593899,100,YISGFGNEcASEDPR,851.3623,2,9
20,0.046,0.39237,0.3532,0.17287,0.06022,0.0166,0.00383,0.407521368500407,0.33699167672885,0.174858232191408,0.0553589954861416,0.0215847010580608,0.00368502603513251,0.180692761758843,0.287512917112087,0.257223945390819,0.161865535750526,0.0814801220101049,0.03122471797762,103,DFLIPVAWYEDR,762.38007,2,9
37,0.046,0.34836,0.33805,0.19377,0.0818,0.02773,0.00791,0.346641410147825,0.351589796934661,0.189059791780451,0.0834943814044757,0.0274287746496365,0.00178584508295097,0.117719956848585,0.220870413404066,0.268147318913299,0.20876590116329,0.119642065552149,0.0648543441186105,116,QGGFLPGGGSLHSAMTPH,584.28253,3,9
16,0.046,0.42581,0.2965,0.17177,0.07125,0.02494,0.00738,0.44018532501959,0.306693713307282,0.164297545907904,0.063540549426777,0.021260993101332,0.00402187323711546,0.242071247344603,0.314740794372901,0.232402002908897,0.128553281117829,0.0595245975895022,0.0227080766662677,88,NcMSEFMGLIK,665.30359,2,9
37,0.046,0.28265,0.31804,0.21881,0.11178,0.04623,0.01619,0.302128358758211,0.325775634346376,0.193114775275269,0.112069417489353,0.0465179660314561,0.0203938480993337,0.101265194251392,0.222715670023722,0.223528397264682,0.229252431841098,0.151687028997229,0.0715512776218767,139,SNNGLAVHIFLcNSSMENR,721.67383,3,9
45,0.046,0.14741,0.26403,0.25566,0.17485,0.09401,0.04206,0.154338020397944,0.282510829200145,0.262161928118209,0.171183004040154,0.091852497986242,0.0379537202573072,0.0286390679565828,0.100448012160097,0.183273215231974,0.237244920570573,0.246323440514422,0.204071343566352,219,YNLENFMVINAVAFDHADPSIFTVLTAK,1047.53027,3,13
34,0.046,0.34916,0.33663,0.19349,0.08213,0.02805,0.00808,0.350353437452732,0.341168215992619,0.179476401029989,0.0994781409681113,0.0271027407626025,0.00242106379394658,0.074800189785605,0.220406146871289,0.240109317517656,0.229152809736777,0.151307850826244,0.0842236852624287,116,NLYAEQLSGSAFTcPR,605.28943,3,13
52,0.046,0.16752,0.28732,0.25882,0.16183,0.07863,0.03156,0.173128243552422,0.298516249151329,0.262702315129138,0.160790537429897,0.0745021466736731,0.0303605080635411,0.0340294750758742,0.0995847724657582,0.186822634442939,0.242349318906462,0.235803164269933,0.201410634839033,210,GYILEVYGVHFELPDLGPIGANGLANPR,994.52216,3,13
28,0.046,0.38702,0.32024,0.18056,0.07606,0.02614,0.00761,0.392388630869114,0.321709686590877,0.179645872142607,0.0720495824221504,0.0247582686259267,0.00944795934932498,0.119276449660796,0.243057137526011,0.248444288846741,0.190816247207865,0.119763962438394,0.0786419143201924,110,MSLQPNEIcVIQR,794.40271,2,13
34,0.046,0.34916,0.33663,0.19349,0.08213,0.02805,0.00808,0.364001141625142,0.335340349431906,0.190715468979571,0.0744564905090893,0.0280732428219744,0.00741330663231766,0.0828434030221458,0.201370729601184,0.258856486286968,0.218681966702074,0.15663135336921,0.0816160610184188,116,NLYAEQLSGSAFTcPR,907.43048,2,13
34,0.046,0.38026,0.33323,0.18093,0.07312,0.02391,0.00661,0.38942489570101,0.330148460275298,0.183861300223683,0.0700131059767391,0.0215043530827466,0.00504788474052383,0.0944911517895511,0.211391218902309,0.265022095034566,0.213874765714954,0.142139993153905,0.0730807754047147,100,YISGFGNEcASEDPR,851.3623,2,13
20,0.046,0.39237,0.3532,0.17287,0.06022,0.0166,0.00383,0.407521368500407,0.33699167672885,0.174858232191408,0.0553589954861416,0.0215847010580608,0.00368502603513251,0.149704346363353,0.273735361237571,0.269813245772235,0.178190255439681,0.093241529073242,0.0353152621139186,103,DFLIPVAWYEDR,762.38007,2,13
37,0.046,0.34836,0.33805,0.19377,0.0818,0.02773,0.00791,0.346641410147825,0.351589796934661,0.189059791780451,0.0834943814044757,0.0274287746496365,0.00178584508295097,0.113350925531877,0.207517249964396,0.239206987197786,0.224447484117574,0.146548009298421,0.0689293438899459,116,QGGFLPGGGSLHSAMTPH,584.28253,3,13
16,0.046,0.42581,0.2965,0.17177,0.07125,0.02494,0.00738,0.44018532501959,0.306693713307282,0.164297545907904,0.063540549426777,0.021260993101332,0.00402187323711546,0.218683714990235,0.314602163586766,0.244550924308911,0.1355146332793,0.0625282956749441,0.0241202681598444,88,NcMSEFMGLIK,665.30359,2,13
37,0.046,0.28265,0.31804,0.21881,0.11178,0.04623,0.01619,0.302128358758211,0.325775634346376,0.193114775275269,0.112069417489353,0.0465179660314561,0.0203938480993337,0.08338692355039,0.197838011767974,0.232415852130132,0.229749343379912,0.160578331299304,0.0960315378722881,139,SNNGLAVHIFLcNSSMENR,721.67383,3,13
45,0.046,0.14741,0.26403,0.25566,0.17485,0.09401,0.04206,0.154338020397944,0.282510829200145,0.262161928118209,0.171183004040154,0.091852497986242,0.0379537202573072,0.0247016902530137,0.0889074193384407,0.182005579576782,0.23771496326615,0.250159164816681,0.216511182748934,219,YNLENFMVINAVAFDHADPSIFTVLTAK,1047.53027,3,16
34,0.046,0.34916,0.33663,0.19349,0.08213,0.02805,0.00808,0.350353437452732,0.341168215992619,0.179476401029989,0.0994781409681113,0.0271027407626025,0.00242106379394658,0.0729372304272625,0.188597483634388,0.242095671684946,0.231223717845806,0.163415995781196,0.101729900626402,116,NLYAEQLSGSAFTcPR,605.28943,3,16
52,0.046,0.16752,0.28732,0.25882,0.16183,0.07863,0.03156,0.173128243552422,0.298516249151329,0.262702315129138,0.160790537429897,0.0745021466736731,0.0303605080635411,0.0379241353617333,0.078304968809659,0.181172125129307,0.234380646437054,0.247987452734919,0.220230671527328,210,GYILEVYGVHFELPDLGPIGANGLANPR,994.52216,3,16
28,0.046,0.38702,0.32024,0.18056,0.07606,0.02614,0.00761,0.392388630869114,0.321709686590877,0.179645872142607,0.0720495824221504,0.0247582686259267,0.00944795934932498,0.104577533351577,0.226036344099315,0.253310348323599,0.199475543266266,0.128150861886636,0.0884493690726068,110,MSLQPNEIcVIQR,794.40271,2,16
34,0.046,0.34916,0.33663,0.19349,0.08213,0.02805,0.00808,0.364001141625142,0.335340349431906,0.190715468979571,0.0744564905090893,0.0280732428219744,0.00741330663231766,0.0757567645307168,0.189572519612395,0.250520550495725,0.225601321457088,0.165713607117154,0.092835236786921,116,NLYAEQLSGSAFTcPR,907.43048,2,16
34,0.046,0.38026,0.33323,0.18093,0.07312,0.02391,0.00661,0.38942489570101,0.330148460275298,0.183861300223683,0.0700131059767391,0.0215043530827466,0.00504788474052383,0.0779149706564926,0.189477709869868,0.261433518426265,0.229121760367432,0.158768180216522,0.0832838604634209,100,YISGFGNEcASEDPR,851.3623,2,16
20,0.046,0.39237,0.3532,0.17287,0.06022,0.0166,0.00383,0.407521368500407,0.33699167672885,0.174858232191408,0.0553589954861416,0.0215847010580608,0.00368502603513251,0.140369964647279,0.267264151327656,0.267743086442074,0.188279683850779,0.0979399963205835,0.0384031174116278,103,DFLIPVAWYEDR,762.38007,2,16
37,0.046,0.34836,0.33805,0.19377,0.0818,0.02773,0.00791,0.346641410147825,0.351589796934661,0.189059791780451,0.0834943814044757,0.0274287746496365,0.00178584508295097,0.0706287914841863,0.218115425093267,0.258443309063767,0.22120957084921,0.152747359270706,0.0788555442388637,116,QGGFLPGGGSLHSAMTPH,584.28253,3,16
16,0.046,0.42581,0.2965,0.17177,0.07125,0.02494,0.00738,0.44018532501959,0.306693713307282,0.164297545907904,0.063540549426777,0.021260993101332,0.00402187323711546,0.203238237577039,0.314628515326106,0.245045812901663,0.141381090485844,0.0696218632822223,0.0260844804271251,88,NcMSEFMGLIK,665.30359,2,16
37,0.046,0.28265,0.31804,0.21881,0.11178,0.04623,0.01619,0.302128358758211,0.325775634346376,0.193114775275269,0.112069417489353,0.0465179660314561,0.0203938480993337,0.070879806279219,0.191951033285952,0.226203452867892,0.248337189688134,0.170470762935574,0.0921577549432285,139,SNNGLAVHIFLcNSSMENR,721.67383,3,16
45,0.046,0.14741,0.26403,0.25566,0.17485,0.09401,0.04206,0.154338020397944,0.282510829200145,0.262161928118209,0.171183004040154,0.091852497986242,0.0379537202573072,0.0259157191362717,0.0921568198818078,0.188861224770974,0.256139106728637,0.241147126718135,0.195780002764175,219,YNLENFMVINAVAFDHADPSIFTVLTAK,1047.53027,3,21
34,0.046,0.34916,0.33663,0.19349,0.08213,0.02805,0.00808,0.350353437452732,0.341168215992619,0.179476401029989,0.0994781409681113,0.0271027407626025,0.00242106379394658,0.0826334543962262,0.196347855788594,0.261795251092311,0.240565606055539,0.148148475374085,0.0705093572932445,116,NLYAEQLSGSAFTcPR,605.28943,3,21
52,0.046,0.16752,0.28732,0.25882,0.16183,0.07863,0.03156,0.173128243552422,0.298516249151329,0.262702315129138,0.160790537429897,0.0745021466736731,0.0303605080635411,0.0306555029838785,0.0978045679969471,0.179896624648285,0.24989833372902,0.247378917066877,0.194366053574993,210,GYILEVYGVHFELPDLGPIGANGLANPR,994.52216,3,21
28,0.046,0.38702,0.32024,0.18056,0.07606,0.02614,0.00761,0.392388630869114,0.321709686590877,0.179645872142607,0.0720495824221504,0.0247582686259267,0.00944795934932498,0.112118672061873,0.242076431913856,0.265050201542762,0.180978488962163,0.114899291221554,0.0848769142977905,110,MSLQPNEIcVIQR,794.40271,2,21
34,0.046,0.34916,0.33663,0.19349,0.08213,0.02805,0.00808,0.364001141625142,0.335340349431906,0.190715468979571,0.0744564905090893,0.0280732428219744,0.00741330663231766,0.0784212752556882,0.202584534326708,0.272622251107768,0.227462671760935,0.14390999649937,0.0749992710495301,116,NLYAEQLSGSAFTcPR,907.43048,2,21
34,0.046,0.38026,0.33323,0.18093,0.07312,0.02391,0.00661,0.38942489570101,0.330148460275298,0.183861300223683,0.0700131059767391,0.0215043530827466,0.00504788474052383,0.0937968352595892,0.222136546564099,0.269760942661623,0.214432621611581,0.133100155168858,0.066772898734251,100,YISGFGNEcASEDPR,851.3623,2,21
20,0.046,0.39237,0.3532,0.17287,0.06022,0.0166,0.00383,0.407521368500407,0.33699167672885,0.174858232191408,0.0553589954861416,0.0215847010580608,0.00368502603513251,0.150688921923003,0.287118652385832,0.266386554276849,0.174765163544288,0.0878994473030066,0.0331412605670207,103,DFLIPVAWYEDR,762.38007,2,21
37,0.046,0.34836,0.33805,0.19377,0.0818,0.02773,0.00791,0.346641410147825,0.351589796934661,0.189059791780451,0.0834943814044757,0.0274287746496365,0.00178584508295097,0.0874343940670025,0.206458868083071,0.264517423316904,0.232829976230659,0.14221857458811,0.0665407637142545,116,QGGFLPGGGSLHSAMTPH,584.28253,3,21
16,0.046,0.42581,0.2965,0.17177,0.07125,0.02494,0.00738,0.44018532501959,0.306693713307282,0.164297545907904,0.063540549426777,0.021260993101332,0.00402187323711546,0.222034838396579,0.314072161141736,0.240924991684475,0.135497410338392,0.066663282083134,0.020807316355684,88,NcMSEFMGLIK,665.30359,2,21
37,0.046,0.28265,0.31804,0.21881,0.11178,0.04623,0.01619,0.302128358758211,0.325775634346376,0.193114775275269,0.112069417489353,0.0465179660314561,0.0203938480993337,0.0796500024607147,0.185969332056102,0.235917823673694,0.239072567041979,0.175980377600391,0.0834098971671193,139,SNNGLAVHIFLcNSSMENR,721.67383,3,21
45,0.046,0.14741,0.26403,0.25566,0.17485,0.09401,0.04206,0.154338020397944,0.282510829200145,0.262161928118209,0.171183004040154,0.091852497986242,0.0379537202573072,0.0275007753367383,0.0918945300716846,0.185195649380816,0.253854993710016,0.247131707093713,0.194422344407032,219,YNLENFMVINAVAFDHADPSIFTVLTAK,1047.53027,3,24
34,0.046,0.34916,0.33663,0.19349,0.08213,0.02805,0.00808,0.350353437452732,0.341168215992619,0.179476401029989,0.0994781409681113,0.0271027407626025,0.00242106379394658,0.074305410247363,0.205211115288944,0.274658631818625,0.225463452459267,0.147561767300052,0.0727996228857493,116,NLYAEQLSGSAFTcPR,605.28943,3,24
52,0.046,0.16752,0.28732,0.25882,0.16183,0.07863,0.03156,0.173128243552422,0.298516249151329,0.262702315129138,0.160790537429897,0.0745021466736731,0.0303605080635411,0.0261723184098095,0.0926604496077537,0.179530103119168,0.238754555967785,0.255672952458634,0.207209620436851,210,GYILEVYGVHFELPDLGPIGANGLANPR,994.52216,3,24
28,0.046,0.38702,0.32024,0.18056,0.07606,0.02614,0.00761,0.392388630869114,0.321709686590877,0.179645872142607,0.0720495824221504,0.0247582686259267,0.00944795934932498,0.108172973476056,0.244115925778606,0.251632376518349,0.188567547474192,0.120718857716474,0.0867923190363229,110,MSLQPNEIcVIQR,794.40271,2,24
34,0.046,0.34916,0.33663,0.19349,0.08213,0.02805,0.00808,0.364001141625142,0.335340349431906,0.190715468979571,0.0744564905090893,0.0280732428219744,0.00741330663231766,0.0826907573635013,0.221877169849802,0.257569561117928,0.214200370690354,0.146354038691605,0.0773081022868102,116,NLYAEQLSGSAFTcPR,907.43048,2,24
34,0.046,0.38026,0.33323,0.18093,0.07312,0.02391,0.00661,0.38942489570101,0.330148460275298,0.183861300223683,0.0700131059767391,0.0215043530827466,0.00504788474052383,0.0892670866713822,0.211617815847325,0.258293353900723,0.223655322563962,0.145127007684133,0.0720394133324755,100,YISGFGNEcASEDPR,851.3623,2,24
20,0.046,0.39237,0.3532,0.17287,0.06022,0.0166,0.00383,0.407521368500407,0.33699167672885,0.174858232191408,0.0553589954861416,0.0215847010580608,0.00368502603513251,0.141319890156763,0.280757957482333,0.275236104084389,0.173362509289465,0.0943336725814445,0.0349898664056044,103,DFLIPVAWYEDR,762.38007,2,24
37,0.046,0.34836,0.33805,0.19377,0.0818,0.02773,0.00791,0.346641410147825,0.351589796934661,0.189059791780451,0.0834943814044757,0.0274287746496365,0.00178584508295097,0.08105416590853,0.195683560353954,0.264214108137433,0.223784001257174,0.152333939800945,0.082930224541964,116,QGGFLPGGGSLHSAMTPH,584.28253,3,24
16,0.046,0.42581,0.2965,0.17177,0.07125,0.02494,0.00738,0.44018532501959,0.306693713307282,0.164297545907904,0.063540549426777,0.021260993101332,0.00402187323711546,0.219842069866144,0.30909554965797,0.237644704633178,0.141510811925362,0.066498013350074,0.0254088505672728,88,NcMSEFMGLIK,665.30359,2,24
37,0.046,0.28265,0.31804,0.21881,0.11178,0.04623,0.01619,0.302128358758211,0.325775634346376,0.193114775275269,0.112069417489353,0.0465179660314561,0.0203938480993337,0.072706252952873,0.195165809520937,0.242483587358063,0.233851327373437,0.165982322245934,0.0898107005487564,139,SNNGLAVHIFLcNSSMENR,721.67383,3,24
45,0.046,0.14741,0.26403,0.25566,0.17485,0.09401,0.04206,0.154338020397944,0.282510829200145,0.262161928118209,0.171183004040154,0.091852497986242,0.0379537202573072,0.0164853274226169,0.0682424732467835,0.158427769092206,0.244078474346201,0.270864681334877,0.241901274557315,219,YNLENFMVINAVAFDHADPSIFTVLTAK,1047.53027,3,31
34,0.046,0.34916,0.33663,0.19349,0.08213,0.02805,0.00808,0.350353437452732,0.341168215992619,0.179476401029989,0.0994781409681113,0.0271027407626025,0.00242106379394658,0.0723483563265801,0.193806296712211,0.274756727648395,0.23002687109567,0.144421769933136,0.0846399782840076,116,NLYAEQLSGSAFTcPR,605.28943,3,31
52,0.046,0.16752,0.28732,0.25882,0.16183,0.07863,0.03156,0.173128243552422,0.298516249151329,0.262702315129138,0.160790537429897,0.0745021466736731,0.0303605080635411,0.0297414861125098,0.0880907139606004,0.169610315281404,0.241556116071728,0.262261998830597,0.20873936974316,210,GYILEVYGVHFELPDLGPIGANGLANPR,994.52216,3,31
28,0.046,0.38702,0.32024,0.18056,0.07606,0.02614,0.00761,0.392388630869114,0.321709686590877,0.179645872142607,0.0720495824221504,0.0247582686259267,0.00944795934932498,0.103760104169326,0.238708708862052,0.251836392881763,0.193348584267368,0.124093803456992,0.088252406362499,110,MSLQPNEIcVIQR,794.40271,2,31
34,0.046,0.34916,0.33663,0.19349,0.08213,0.02805,0.00808,0.364001141625142,0.335340349431906,0.190715468979571,0.0744564905090893,0.0280732428219744,0.00741330663231766,0.0754151893741173,0.198997955749106,0.263686663709362,0.222688365810722,0.150201564936158,0.0890102604205347,116,NLYAEQLSGSAFTcPR,907.43048,2,31
34,0.046,0.38026,0.33323,0.18093,0.07312,0.02391,0.00661,0.38942489570101,0.330148460275298,0.183861300223683,0.0700131059767391,0.0215043530827466,0.00504788474052383,0.0866624097718423,0.212530490265688,0.260467754534722,0.21835054559848,0.144224314872501,0.0777644849567675,100,YISGFGNEcASEDPR,851.3623,2,31
20,0.046,0.39237,0.3532,0.17287,0.06022,0.0166,0.00383,0.407521368500407,0.33699167672885,0.174858232191408,0.0553589954861416,0.0215847010580608,0.00368502603513251,0.13512371678004,0.274185254943119,0.270033680384961,0.182734602085558,0.0995060506682357,0.0384166951380869,103,DFLIPVAWYEDR,762.38007,2,31
37,0.046,0.34836,0.33805,0.19377,0.0818,0.02773,0.00791,0.346641410147825,0.351589796934661,0.189059791780451,0.0834943814044757,0.0274287746496365,0.00178584508295097,0.0873618804424603,0.189569436441094,0.252127593491501,0.230009399404945,0.150425152065989,0.0905065381540105,116,QGGFLPGGGSLHSAMTPH,584.28253,3,31
16,0.046,0.42581,0.2965,0.17177,0.07125,0.02494,0.00738,0.44018532501959,0.306693713307282,0.164297545907904,0.063540549426777,0.021260993101332,0.00402187323711546,0.215293595350725,0.303570756660483,0.2422054290297,0.143745490903898,0.0693594689676764,0.025825259087518,88,NcMSEFMGLIK,665.30359,2,31
37,0.046,0.28265,0.31804,0.21881,0.11178,0.04623,0.01619,0.302128358758211,0.325775634346376,0.193114775275269,0.112069417489353,0.0465179660314561,0.0203938480993337,0.0667518368707969,0.18963038845958,0.235983777430506,0.236494446361353,0.175117293827721,0.0960222570500425,139,SNNGLAVHIFLcNSSMENR,721.67383,3,31
